[gd_scene format=3 uid="uid://djlnelowb05hc"]

[ext_resource type="Script" uid="uid://dcn3oawnind62" path="res://prefabs/character/model/skeleton/animated_model.gd" id="1_xmso4"]
[ext_resource type="PackedScene" uid="uid://bpee0363gcskb" path="res://prefabs/character/model/skeleton/skeleton.fbx" id="2_huy8b"]
[ext_resource type="AnimationLibrary" uid="uid://b70xthvesq8rn" path="res://prefabs/character/model/skeleton/animation_library.tres" id="3_xmso4"]
[ext_resource type="AnimationNodeBlendTree" uid="uid://tbkbq7ogpn5u" path="res://prefabs/character/model/skeleton/blend_tree.tres" id="4_xhteq"]
[ext_resource type="Script" uid="uid://qj12nuvhydg7" path="res://components/entity/entity_spine_ik.gd" id="5_xhteq"]
[ext_resource type="Script" path="res://components/entity/c_entity_hitbox.gd" id="5_xmso4"]

[sub_resource type="Animation" id="Animation_xmso4"]
length = 0.001
tracks/0/type = "position_3d"
tracks/0/imported = false
tracks/0/enabled = true
tracks/0/path = NodePath("rig/Skeleton3D:shoulder.R")
tracks/0/interp = 1
tracks/0/loop_wrap = true
tracks/0/keys = PackedFloat32Array(0, 1, -0.016057044, 0.2625784, 0.08172759)
tracks/1/type = "rotation_3d"
tracks/1/imported = false
tracks/1/enabled = true
tracks/1/path = NodePath("rig/Skeleton3D:shoulder.R")
tracks/1/interp = 1
tracks/1/loop_wrap = true
tracks/1/keys = PackedFloat32Array(0, 1, -0.60291135, 0.33319423, 0.45964664, 0.5605396)
tracks/2/type = "position_3d"
tracks/2/imported = false
tracks/2/enabled = true
tracks/2/path = NodePath("rig/Skeleton3D:upper_arm.R")
tracks/2/interp = 1
tracks/2/loop_wrap = true
tracks/2/keys = PackedFloat32Array(0, 1, -0.0016978747, 0.16241612, 0.0039985604)
tracks/3/type = "rotation_3d"
tracks/3/imported = false
tracks/3/enabled = true
tracks/3/path = NodePath("rig/Skeleton3D:upper_arm.R")
tracks/3/interp = 1
tracks/3/loop_wrap = true
tracks/3/keys = PackedFloat32Array(0, 1, -0.25230226, -0.69281167, 0.39868188, 0.5453517)
tracks/4/type = "position_3d"
tracks/4/imported = false
tracks/4/enabled = true
tracks/4/path = NodePath("rig/Skeleton3D:forearm.R")
tracks/4/interp = 1
tracks/4/loop_wrap = true
tracks/4/keys = PackedFloat32Array(0, 1, -4.462685e-08, 0.31926575, -2.3557364e-08)
tracks/5/type = "rotation_3d"
tracks/5/imported = false
tracks/5/enabled = true
tracks/5/path = NodePath("rig/Skeleton3D:forearm.R")
tracks/5/interp = 1
tracks/5/loop_wrap = true
tracks/5/keys = PackedFloat32Array(0, 1, 0.76880723, 0.14475188, 0.088358186, 0.61658347)
tracks/6/type = "position_3d"
tracks/6/imported = false
tracks/6/enabled = true
tracks/6/path = NodePath("rig/Skeleton3D:hand.R")
tracks/6/interp = 1
tracks/6/loop_wrap = true
tracks/6/keys = PackedFloat32Array(0, 1, 1.1865733e-07, 0.26767945, -2.2707843e-08)
tracks/7/type = "rotation_3d"
tracks/7/imported = false
tracks/7/enabled = true
tracks/7/path = NodePath("rig/Skeleton3D:hand.R")
tracks/7/interp = 1
tracks/7/loop_wrap = true
tracks/7/keys = PackedFloat32Array(0, 1, -0.050113566, -0.10799812, 0.047591835, 0.99174595)
tracks/8/type = "rotation_3d"
tracks/8/imported = false
tracks/8/enabled = true
tracks/8/path = NodePath("rig/Skeleton3D:spine")
tracks/8/interp = 1
tracks/8/loop_wrap = true
tracks/8/keys = PackedFloat32Array(0, 1, -0.24999982, 0.00013559789, -0.0048503573, 0.9682337)
tracks/9/type = "rotation_3d"
tracks/9/imported = false
tracks/9/enabled = true
tracks/9/path = NodePath("rig/Skeleton3D:chest")
tracks/9/interp = 1
tracks/9/loop_wrap = true
tracks/9/keys = PackedFloat32Array(0, 1, 0.07646163, 0.0019622692, -0.011727437, 0.99700165)
tracks/10/type = "rotation_3d"
tracks/10/imported = false
tracks/10/enabled = true
tracks/10/path = NodePath("rig/Skeleton3D:neck")
tracks/10/interp = 1
tracks/10/loop_wrap = true
tracks/10/keys = PackedFloat32Array(0, 1, 0.12807836, -0.0015542258, -0.0016255699, 0.99176157)
tracks/11/type = "rotation_3d"
tracks/11/imported = false
tracks/11/enabled = true
tracks/11/path = NodePath("rig/Skeleton3D:head")
tracks/11/interp = 1
tracks/11/loop_wrap = true
tracks/11/keys = PackedFloat32Array(0, 1, -0.14186701, -0.0015696402, -0.0016107084, 0.9898832)
tracks/12/type = "rotation_3d"
tracks/12/imported = false
tracks/12/enabled = true
tracks/12/path = NodePath("rig/Skeleton3D:jaw")
tracks/12/interp = 1
tracks/12/loop_wrap = true
tracks/12/keys = PackedFloat32Array(0, 1, 0.91932774, -0.0021795835, 0.0005546044, 0.39348647)
tracks/13/type = "rotation_3d"
tracks/13/imported = false
tracks/13/enabled = true
tracks/13/path = NodePath("rig/Skeleton3D:shoulder.L")
tracks/13/interp = 1
tracks/13/loop_wrap = true
tracks/13/keys = PackedFloat32Array(0, 1, -0.59021235, -0.33509433, -0.46104673, 0.5716618)
tracks/14/type = "rotation_3d"
tracks/14/imported = false
tracks/14/enabled = true
tracks/14/path = NodePath("rig/Skeleton3D:upper_arm.L")
tracks/14/interp = 1
tracks/14/loop_wrap = true
tracks/14/keys = PackedFloat32Array(0, 1, -0.19404061, 0.74173427, -0.5232726, 0.37197354)
tracks/15/type = "rotation_3d"
tracks/15/imported = false
tracks/15/enabled = true
tracks/15/path = NodePath("rig/Skeleton3D:forearm.L")
tracks/15/interp = 1
tracks/15/loop_wrap = true
tracks/15/keys = PackedFloat32Array(0, 1, 0.0769072, -0.057335347, -0.00021313736, 0.9953884)
tracks/16/type = "rotation_3d"
tracks/16/imported = false
tracks/16/enabled = true
tracks/16/path = NodePath("rig/Skeleton3D:hand.L")
tracks/16/interp = 1
tracks/16/loop_wrap = true
tracks/16/keys = PackedFloat32Array(0, 1, 0.016537985, 0.01393679, -0.014856216, 0.9996558)
tracks/17/type = "rotation_3d"
tracks/17/imported = false
tracks/17/enabled = true
tracks/17/path = NodePath("rig/Skeleton3D:thigh.L")
tracks/17/interp = 1
tracks/17/loop_wrap = true
tracks/17/keys = PackedFloat32Array(0, 1, 0.98341197, 0.028419562, -0.070176706, 0.16482885)
tracks/18/type = "rotation_3d"
tracks/18/imported = false
tracks/18/enabled = true
tracks/18/path = NodePath("rig/Skeleton3D:shin.L")
tracks/18/interp = 1
tracks/18/loop_wrap = true
tracks/18/keys = PackedFloat32Array(0, 1, 0.1892221, -0.017773053, -0.02024588, 0.98156476)
tracks/19/type = "rotation_3d"
tracks/19/imported = false
tracks/19/enabled = true
tracks/19/path = NodePath("rig/Skeleton3D:foot.L")
tracks/19/interp = 1
tracks/19/loop_wrap = true
tracks/19/keys = PackedFloat32Array(0, 1, -0.617121, -0.032123942, 0.050373323, 0.784597)
tracks/20/type = "rotation_3d"
tracks/20/imported = false
tracks/20/enabled = true
tracks/20/path = NodePath("rig/Skeleton3D:toe.L")
tracks/20/interp = 1
tracks/20/loop_wrap = true
tracks/20/keys = PackedFloat32Array(0, 1, 0, 0.97358114, -0.22834149, -2.6645353e-15)
tracks/21/type = "rotation_3d"
tracks/21/imported = false
tracks/21/enabled = true
tracks/21/path = NodePath("rig/Skeleton3D:thigh.R")
tracks/21/interp = 1
tracks/21/loop_wrap = true
tracks/21/keys = PackedFloat32Array(0, 1, 0.9874978, -0.033587035, 0.101153985, 0.11613815)
tracks/22/type = "rotation_3d"
tracks/22/imported = false
tracks/22/enabled = true
tracks/22/path = NodePath("rig/Skeleton3D:shin.R")
tracks/22/interp = 1
tracks/22/loop_wrap = true
tracks/22/keys = PackedFloat32Array(0, 1, 0.13005693, 0.056801017, 0.018886616, 0.98969805)
tracks/23/type = "rotation_3d"
tracks/23/imported = false
tracks/23/enabled = true
tracks/23/path = NodePath("rig/Skeleton3D:foot.R")
tracks/23/interp = 1
tracks/23/loop_wrap = true
tracks/23/keys = PackedFloat32Array(0, 1, -0.5876488, 0.04109861, -0.064302646, 0.80550915)
tracks/24/type = "rotation_3d"
tracks/24/imported = false
tracks/24/enabled = true
tracks/24/path = NodePath("rig/Skeleton3D:toe.R")
tracks/24/interp = 1
tracks/24/loop_wrap = true
tracks/24/keys = PackedFloat32Array(0, 1, 0, 0.97358114, -0.22834149, 4.440892e-15)
tracks/25/type = "rotation_3d"
tracks/25/imported = false
tracks/25/enabled = true
tracks/25/path = NodePath("rig/Skeleton3D:hand.L_end")
tracks/25/interp = 1
tracks/25/loop_wrap = true
tracks/25/keys = PackedFloat32Array(0, 1, 0, 0, 0, 1)
tracks/26/type = "rotation_3d"
tracks/26/imported = false
tracks/26/enabled = true
tracks/26/path = NodePath("rig/Skeleton3D:hand.R_end")
tracks/26/interp = 1
tracks/26/loop_wrap = true
tracks/26/keys = PackedFloat32Array(0, 1, 0, 0, 0, 1)

[sub_resource type="Animation" id="Animation_xhteq"]
resource_name = "none"

[sub_resource type="AnimationLibrary" id="AnimationLibrary_xhteq"]
_data = {
&"RESET": SubResource("Animation_xmso4"),
&"none": SubResource("Animation_xhteq")
}

[sub_resource type="BoxShape3D" id="BoxShape3D_xmso4"]
size = Vector3(0.2, 0.2, 0.2)

[sub_resource type="BoxShape3D" id="BoxShape3D_xhteq"]
size = Vector3(0.11282959, 0.13710937, 0.0751709)

[sub_resource type="BoxShape3D" id="BoxShape3D_nbqfj"]
size = Vector3(0.30756837, 0.295438, 0.106162645)

[sub_resource type="BoxShape3D" id="BoxShape3D_vfkn1"]
size = Vector3(0.30756837, 0.3540379, 0.11324592)

[sub_resource type="BoxShape3D" id="BoxShape3D_5i7ht"]
size = Vector3(0.26433104, 0.18567106, 0.1755327)

[sub_resource type="BoxShape3D" id="BoxShape3D_lmael"]
size = Vector3(0.07024155, 0.30105644, 0.09814343)

[sub_resource type="BoxShape3D" id="BoxShape3D_lqvlr"]
size = Vector3(0.07024155, 0.30105644, 0.09814343)

[sub_resource type="BoxShape3D" id="BoxShape3D_isk24"]
size = Vector3(0.07024155, 0.4043124, 0.10278293)

[node name="AnimatedModel" type="Node3D" unique_id=1690152358 node_paths=PackedStringArray("root", "model", "tree", "player", "skeleton")]
script = ExtResource("1_xmso4")
root = NodePath("..")
model_scene = ExtResource("2_huy8b")
library = ExtResource("3_xmso4")
blend_tree = ExtResource("4_xhteq")
model = NodePath("model3d")
tree = NodePath("AnimationTree")
player = NodePath("AnimationPlayer")
skeleton = NodePath("model3d/rig/Skeleton3D")
metadata/_custom_type_script = "uid://pf622qfdiljm"

[node name="model3d" parent="." unique_id=125080953 instance=ExtResource("2_huy8b")]
transform = Transform3D(-1, 0, -8.742278e-08, 0, 1, 0, 8.742278e-08, 0, -1, 0, 0, 0)

[node name="rig" parent="model3d" index="0" unique_id=1229230295]
transform = Transform3D(0.99613225, -0.08531741, 0.021001844, -0.02257154, -0.017475462, 0.99959236, -0.084915586, -0.9962003, -0.019333623, -0.024809057, -0.00481711, 0.021319017)

[node name="Skeleton3D" parent="model3d/rig" index="0" unique_id=392328757]
bones/1/position = Vector3(-1.862645e-09, 0.13246511, -2.0222924e-08)
bones/1/rotation = Quaternion(-0.24999982, 0.00013559789, -0.004850357, 0.9682337)
bones/1/scale = Vector3(1, 1, 1.0000002)
bones/2/position = Vector3(-1.2014983e-09, 0.13292752, 1.238425e-08)
bones/2/rotation = Quaternion(0.07646163, 0.0019622692, -0.011727437, 0.99700165)
bones/2/scale = Vector3(1.0000001, 1.0000001, 1)
bones/3/rotation = Quaternion(0.12807834, -0.0015542256, -0.0016255698, 0.9917615)
bones/4/rotation = Quaternion(-0.14186701, -0.0015696402, -0.0016107085, 0.9898832)
bones/5/rotation = Quaternion(0.91932774, -0.0021795835, 0.00055460446, 0.39348644)
bones/7/position = Vector3(0.016056957, 0.26257935, 0.08172772)
bones/7/rotation = Quaternion(-0.59021235, -0.3350943, -0.4610467, 0.57166183)
bones/7/scale = Vector3(1.0000005, 0.99999976, 1.0000004)
bones/8/position = Vector3(0.0016979228, 0.16241576, 0.0040011597)
bones/8/rotation = Quaternion(-0.19404061, 0.74173427, -0.5232726, 0.37197354)
bones/8/scale = Vector3(1.0000024, 1.0000007, 1.0000004)
bones/9/position = Vector3(-2.127544e-06, 0.31926385, 4.097427e-06)
bones/9/rotation = Quaternion(0.07690721, -0.057335347, -0.0002131392, 0.9953884)
bones/9/scale = Vector3(1.0000033, 1.0000023, 1.0000017)
bones/10/position = Vector3(9.158833e-07, 0.26768, 4.8012436e-07)
bones/10/rotation = Quaternion(0.016537983, 0.013936789, -0.014856217, 0.9996557)
bones/10/scale = Vector3(1.0000014, 1.0000011, 0.9999993)
bones/12/rotation = Quaternion(-0.6029113, 0.33319423, 0.45964658, 0.5605396)
bones/12/scale = Vector3(1.0000001, 1.0000004, 1.0000005)
bones/13/position = Vector3(-0.0016978747, 0.16241612, 0.0039985604)
bones/13/rotation = Quaternion(-0.25230226, -0.69281167, 0.39868185, 0.5453517)
bones/13/scale = Vector3(1.0000017, 1.0000025, 1.0000018)
bones/14/position = Vector3(-4.4626844e-08, 0.31926575, -2.3557364e-08)
bones/14/rotation = Quaternion(0.76880723, 0.14475189, 0.088358186, 0.6165835)
bones/14/scale = Vector3(1.0000013, 1.0000007, 1.0000019)
bones/15/position = Vector3(1.1865734e-07, 0.26767945, -2.2707843e-08)
bones/15/rotation = Quaternion(-0.050113566, -0.10799811, 0.047591835, 0.991746)
bones/15/scale = Vector3(0.9999996, 0.99999934, 1.000002)
bones/17/rotation = Quaternion(0.983412, 0.028419565, -0.070176706, 0.16482887)
bones/18/position = Vector3(-4.9162785e-09, 0.430739, -2.4759972e-10)
bones/18/rotation = Quaternion(0.18922208, -0.01777305, -0.020245878, 0.9815647)
bones/19/position = Vector3(-7.450581e-09, 0.4492352, -2.328524e-09)
bones/19/rotation = Quaternion(-0.617121, -0.032123942, 0.050373316, 0.78459686)
bones/20/position = Vector3(1.7159287e-09, 0.12702602, 1.214552e-09)
bones/20/rotation = Quaternion(0, 0.97358114, -0.22834148, 1.1546318e-14)
bones/22/rotation = Quaternion(0.9874977, -0.03358703, 0.10115397, 0.11613814)
bones/23/position = Vector3(2.5343012e-09, 0.43073896, 7.132557e-10)
bones/23/rotation = Quaternion(0.13005692, 0.056801017, 0.018886615, 0.989698)
bones/24/position = Vector3(7.450581e-09, 0.4492352, 9.315355e-10)
bones/24/rotation = Quaternion(-0.5876488, 0.04109861, -0.064302646, 0.80550915)
bones/25/position = Vector3(-1.7159265e-09, 0.127026, 4.9399844e-09)
bones/25/rotation = Quaternion(0, 0.97358114, -0.22834148, -9.769962e-15)

[node name="FABRIK3D" type="FABRIK3D" parent="model3d/rig/Skeleton3D" index="1" unique_id=712842292]
transform = Transform3D(0.9984785, -0.055005312, 0.0043623224, 0.054875225, 0.99816036, 0.025814079, -0.0057741962, -0.025535323, 0.9996596, 0, 0.06, 1.6)
active = false
setting_count = 1
settings/0/target_node = NodePath(".")
settings/0/root_bone_name = "chest"
settings/0/root_bone = 2
settings/0/end_bone_name = "head"
settings/0/end_bone = 4
settings/0/extend_end_bone = false
settings/0/joint_count = 3
settings/0/joints/0/rotation_axis = 3
settings/0/joints/0/limitation = null
settings/0/joints/1/rotation_axis = 3
settings/0/joints/1/limitation = null
settings/0/joints/2/rotation_axis = 3
settings/0/joints/2/limitation = null
script = ExtResource("5_xhteq")

[node name="AnimationPlayer" type="AnimationPlayer" parent="." unique_id=1713959702]
root_node = NodePath("../model3d")
libraries/ = SubResource("AnimationLibrary_xhteq")
libraries/animation_library = ExtResource("3_xmso4")

[node name="AnimationTree" type="AnimationTree" parent="." unique_id=900602812]
root_node = NodePath("../model3d")
tree_root = ExtResource("4_xhteq")
anim_player = NodePath("../AnimationPlayer")
parameters/StateMachine/crouched/blend_position = Vector2(0, 0)
parameters/StateMachine/run/blend_position = Vector2(0, 0.9721254)
parameters/StateMachine/walk/blend_position = Vector2(-0.0020449758, 0.9581882)
parameters/WeaponBlend/blend_amount = 1.0
parameters/OneShot/active = false
parameters/OneShot/internal_active = false
parameters/OneShot/request = 0

[node name="Hitboxes" type="Node3D" parent="." unique_id=628207090]

[node name="Head" type="BoneAttachment3D" parent="Hitboxes" unique_id=949861060]
transform = Transform3D(-0.99511427, -0.047298446, -0.08666173, -0.062247083, 0.98190296, 0.17886187, 0.0766335, 0.18338223, -0.98004997, -0.016235843, 1.5542753, 0.09534534)
bone_name = "head"
bone_idx = 4
use_external_skeleton = true
external_skeleton = NodePath("../../model3d/rig/Skeleton3D")

[node name="C_EntityHitBox" type="Area3D" parent="Hitboxes/Head" unique_id=1283350238]
transform = Transform3D(1, -1.0244548e-08, -3.7252903e-09, -1.8626451e-09, 1, -4.4703484e-08, 1.1175871e-08, 0, 1, 0.0012209755, 0.036646724, 0.021589816)
collision_layer = 4
collision_mask = 4
monitoring = false
priority = 3
script = ExtResource("5_xmso4")
damage_multiplier = 2.0

[node name="CollisionShape3D" type="CollisionShape3D" parent="Hitboxes/Head/C_EntityHitBox" unique_id=1206054916]
shape = SubResource("BoxShape3D_xmso4")

[node name="Neck" type="BoneAttachment3D" parent="Hitboxes" unique_id=2105621560]
transform = Transform3D(-0.99504644, -0.06700482, -0.073435895, -0.05915211, 0.9927814, -0.10433635, 0.0798968, -0.0994758, -0.9918271, -0.008744322, 1.4432765, 0.10646731)
bone_name = "neck"
bone_idx = 3
use_external_skeleton = true
external_skeleton = NodePath("../../model3d/rig/Skeleton3D")

[node name="C_EntityHitBox" type="Area3D" parent="Hitboxes/Neck" unique_id=1570850503]
transform = Transform3D(0.9998374, 0.010521091, 0.014640458, -0.0147680845, 0.943743, 0.33035073, -0.010341186, -0.3305134, 0.94374466, -0.002747645, -0.021424651, 0.015156478)
collision_layer = 4
collision_mask = 4
monitoring = false
priority = 3
script = ExtResource("5_xmso4")
damage_multiplier = 1.5

[node name="CollisionShape3D" type="CollisionShape3D" parent="Hitboxes/Neck/C_EntityHitBox" unique_id=408019511]
transform = Transform3D(0.9998929, -0.00868919, -0.012416095, 0.004829215, 0.959282, -0.28241044, 0.0143650845, 0.28231642, 0.9592186, 0.0030509662, 0.02783227, -0.0056066513)
shape = SubResource("BoxShape3D_xhteq")

[node name="Chest" type="BoneAttachment3D" parent="Hitboxes" unique_id=796290548]
transform = Transform3D(-0.9949688, -0.04254588, -0.09070216, -0.05598058, 0.98692495, 0.15114701, 0.08308549, 0.15546395, -0.9843412, 0.0044762343, 1.1366031, 0.058158994)
bone_name = "chest"
bone_idx = 2
use_external_skeleton = true
external_skeleton = NodePath("../../model3d/rig/Skeleton3D")

[node name="C_EntityHitBox" type="Area3D" parent="Hitboxes/Chest" unique_id=1363096170]
transform = Transform3D(0.9998374, 0.010521091, 0.014640458, -0.0147680845, 0.943743, 0.33035073, -0.010341186, -0.3305134, 0.94374466, -0.002747645, -0.021424651, 0.015156478)
collision_layer = 4
collision_mask = 4
monitoring = false
priority = 3
script = ExtResource("5_xmso4")

[node name="CollisionShape3D" type="CollisionShape3D" parent="Hitboxes/Chest/C_EntityHitBox" unique_id=1019215411]
transform = Transform3D(0.9996831, -0.018456746, -0.01711689, 0.007924449, 0.8761691, -0.48193875, 0.02389231, 0.4816504, 0.87603766, 0.0010436773, 0.117118835, 0.08201802)
shape = SubResource("BoxShape3D_nbqfj")

[node name="Spine" type="BoneAttachment3D" parent="Hitboxes" unique_id=1648957366]
transform = Transform3D(-0.9958872, -0.00523532, -0.09044822, -0.03226947, 0.95335424, 0.30012375, 0.08465791, 0.301808, -0.9496024, 0.00517215, 1.0098761, 0.01804041)
bone_name = "spine"
bone_idx = 1
use_external_skeleton = true
external_skeleton = NodePath("../../model3d/rig/Skeleton3D")

[node name="C_EntityHitBox" type="Area3D" parent="Hitboxes/Spine" unique_id=216165780]
transform = Transform3D(0.9998374, 0.010521091, 0.014640458, -0.0147680845, 0.943743, 0.33035073, -0.010341186, -0.3305134, 0.94374466, -0.002747645, -0.021424651, 0.015156478)
collision_layer = 4
collision_mask = 4
monitoring = false
priority = 3
script = ExtResource("5_xmso4")

[node name="CollisionShape3D" type="CollisionShape3D" parent="Hitboxes/Spine/C_EntityHitBox" unique_id=1109769605]
transform = Transform3D(0.99968314, -0.018458072, -0.01711591, 0.007926066, 0.8761688, -0.48193932, 0.023892093, 0.48165098, 0.8760374, 0.0031430423, 0.22381121, 0.06802839)
shape = SubResource("BoxShape3D_vfkn1")

[node name="Hips" type="BoneAttachment3D" parent="Hitboxes" unique_id=1687161286]
transform = Transform3D(-0.99613225, -0.03894656, -0.078761384, -0.022571491, 0.97973996, -0.1989973, 0.084915906, -0.19644989, -0.9768297, 0.010331206, 0.88009477, 0.04406315)
bone_name = "hips"
bone_idx = 0
use_external_skeleton = true
external_skeleton = NodePath("../../model3d/rig/Skeleton3D")

[node name="C_EntityHitBox" type="Area3D" parent="Hitboxes/Hips" unique_id=1153783559]
transform = Transform3D(0.9998374, 0.010521091, 0.014640458, -0.0147680845, 0.943743, 0.33035073, -0.010341186, -0.3305134, 0.94374466, -0.002747645, -0.021424651, 0.015156478)
collision_layer = 4
collision_mask = 4
monitoring = false
priority = 3
script = ExtResource("5_xmso4")
damage_multiplier = 0.85

[node name="CollisionShape3D" type="CollisionShape3D" parent="Hitboxes/Hips/C_EntityHitBox" unique_id=1896655374]
transform = Transform3D(1, 9.313226e-10, 7.8976154e-07, 2.9802322e-08, 1, 1.4901161e-08, 0, 0, 1, 0.0034545213, 0.09284061, 0.03283038)
shape = SubResource("BoxShape3D_5i7ht")

[node name="LeftUpperArm" type="BoneAttachment3D" parent="Hitboxes" unique_id=8313087]
transform = Transform3D(0.94536734, -0.18233337, 0.27025723, -0.17974956, -0.9831082, -0.03450344, 0.27198428, -0.015960181, -0.9621701, -0.17451975, 1.3741862, 0.08654563)
bone_name = "upper_arm.L"
bone_idx = 8
use_external_skeleton = true
external_skeleton = NodePath("../../model3d/rig/Skeleton3D")

[node name="C_EntityHitBox" type="Area3D" parent="Hitboxes/LeftUpperArm" unique_id=228179377]
transform = Transform3D(0.9998374, 0.010521091, 0.014640458, -0.0147680845, 0.943743, 0.33035073, -0.010341186, -0.3305134, 0.94374466, -0.002747645, -0.021424651, 0.015156478)
collision_layer = 4
collision_mask = 4
monitoring = false
priority = 3
script = ExtResource("5_xmso4")
damage_multiplier = 0.5

[node name="CollisionShape3D" type="CollisionShape3D" parent="Hitboxes/LeftUpperArm/C_EntityHitBox" unique_id=1510458535]
transform = Transform3D(0.9923332, -0.07650748, -0.09706442, 0.031247374, 0.91515756, -0.40188348, 0.11957632, 0.39576933, 0.9105318, -0.0082728565, 0.16456664, 0.033371866)
shape = SubResource("BoxShape3D_lmael")

[node name="LeftLowerArm" type="BoneAttachment3D" parent="Hitboxes" unique_id=1482254362]
transform = Transform3D(0.9716792, -0.14672849, 0.18525842, -0.17341831, -0.9752553, 0.13714948, 0.16055177, -0.1653916, -0.97307426, -0.2327331, 1.0603155, 0.081445605)
bone_name = "forearm.L"
bone_idx = 9
use_external_skeleton = true
external_skeleton = NodePath("../../model3d/rig/Skeleton3D")

[node name="C_EntityHitBox" type="Area3D" parent="Hitboxes/LeftLowerArm" unique_id=129677341]
transform = Transform3D(0.99983746, 0.010521098, 0.014640458, -0.014768069, 0.9437432, 0.33035076, -0.010341182, -0.33051342, 0.94374484, -0.005751103, -0.03526163, 0.017040923)
collision_layer = 4
collision_mask = 4
monitoring = false
priority = 3
script = ExtResource("5_xmso4")
damage_multiplier = 0.5

[node name="CollisionShape3D" type="CollisionShape3D" parent="Hitboxes/LeftLowerArm/C_EntityHitBox" unique_id=821388977]
transform = Transform3D(0.9923332, -0.07650748, -0.09706442, 0.031247374, 0.91515756, -0.40188348, 0.11957632, 0.39576933, 0.9105318, -0.0082728565, 0.16456664, 0.033371866)
shape = SubResource("BoxShape3D_lqvlr")

[node name="RightUpperArm" type="BoneAttachment3D" parent="Hitboxes" unique_id=1198981360]
transform = Transform3D(0.89724463, 0.44134125, -0.0132079385, 0.4414024, -0.89731014, 0.002014028, -0.010962649, -0.007636942, -0.9999127, 0.15754357, 1.3883212, 0.058856517)
bone_name = "upper_arm.R"
bone_idx = 13
use_external_skeleton = true
external_skeleton = NodePath("../../model3d/rig/Skeleton3D")

[node name="C_EntityHitBox" type="Area3D" parent="Hitboxes/RightUpperArm" unique_id=772578809]
transform = Transform3D(0.99983746, 0.010521106, 0.014640456, -0.0147681, 0.94374305, 0.33035076, -0.010341188, -0.33051336, 0.9437447, 0.011499912, -0.01875782, 0.0155006945)
collision_layer = 4
collision_mask = 4
monitoring = false
priority = 3
script = ExtResource("5_xmso4")
damage_multiplier = 0.5

[node name="CollisionShape3D" type="CollisionShape3D" parent="Hitboxes/RightUpperArm/C_EntityHitBox" unique_id=1029639334]
transform = Transform3D(0.9923332, -0.07650748, -0.09706442, 0.031247374, 0.91515756, -0.40188348, 0.11957632, 0.39576933, 0.9105318, -0.0082728565, 0.16456664, 0.033371866)
shape = SubResource("BoxShape3D_lmael")

[node name="RightLowerArm" type="BoneAttachment3D" parent="Hitboxes" unique_id=322258329]
transform = Transform3D(0.9925184, 0.0018057832, -0.1221115, 0.11843903, 0.22954687, 0.96606916, 0.029774774, -0.9732986, 0.22761473, 0.29844868, 1.1018407, 0.056418315)
bone_name = "forearm.R"
bone_idx = 14
use_external_skeleton = true
external_skeleton = NodePath("../../model3d/rig/Skeleton3D")

[node name="C_EntityHitBox" type="Area3D" parent="Hitboxes/RightLowerArm" unique_id=937518934]
transform = Transform3D(0.99983746, 0.010521098, 0.014640458, -0.014768069, 0.9437432, 0.33035076, -0.010341182, -0.33051342, 0.94374484, -0.005751103, -0.03526163, 0.017040923)
collision_layer = 4
collision_mask = 4
monitoring = false
priority = 3
script = ExtResource("5_xmso4")
damage_multiplier = 0.5

[node name="CollisionShape3D" type="CollisionShape3D" parent="Hitboxes/RightLowerArm/C_EntityHitBox" unique_id=802611558]
transform = Transform3D(0.9923332, -0.07650748, -0.09706442, 0.031247374, 0.91515756, -0.40188348, 0.11957632, 0.39576933, 0.9105318, -0.0082728565, 0.16456664, 0.033371866)
shape = SubResource("BoxShape3D_lqvlr")

[node name="LeftUpperLeg" type="BoneAttachment3D" parent="Hitboxes" unique_id=367248935]
transform = Transform3D(-0.97437865, -0.06717692, 0.21464498, 0.039116517, -0.9904241, -0.13240008, 0.22148505, -0.12061237, 0.96767014, -0.10998946, 0.9325896, 0.017591266)
bone_name = "thigh.L"
bone_idx = 17
use_external_skeleton = true
external_skeleton = NodePath("../../model3d/rig/Skeleton3D")

[node name="C_EntityHitBox" type="Area3D" parent="Hitboxes/LeftUpperLeg" unique_id=1988658071]
transform = Transform3D(0.9998377, 0.010521226, 0.014640391, -0.01476806, 0.94374317, 0.33035064, -0.010341182, -0.33051327, 0.9437448, 0.006887257, 0.0021767616, 0.025436975)
collision_layer = 4
collision_mask = 4
monitoring = false
priority = 3
script = ExtResource("5_xmso4")
damage_multiplier = 0.35

[node name="CollisionShape3D" type="CollisionShape3D" parent="Hitboxes/LeftUpperLeg/C_EntityHitBox" unique_id=308060159]
transform = Transform3D(0.99233353, -0.076507494, -0.097064376, 0.031247705, 0.9151575, -0.40188348, 0.11957641, 0.39576918, 0.9105318, -0.010007083, 0.2209878, 0.033019572)
shape = SubResource("BoxShape3D_isk24")

[node name="LeftLowerLeg" type="BoneAttachment3D" parent="Hitboxes" unique_id=1350633474]
transform = Transform3D(-0.96399796, -0.014596393, 0.2655068, 0.08148101, -0.9666739, 0.24269772, 0.25311714, 0.2555912, 0.9330559, -0.1389252, 0.5059753, -0.034361176)
bone_name = "shin.L"
bone_idx = 18
use_external_skeleton = true
external_skeleton = NodePath("../../model3d/rig/Skeleton3D")

[node name="C_EntityHitBox" type="Area3D" parent="Hitboxes/LeftLowerLeg" unique_id=661723506]
transform = Transform3D(0.9998377, 0.010521211, 0.014640406, -0.014768068, 0.94374335, 0.33035064, -0.010341197, -0.3305133, 0.9437449, 0.009275943, -0.02631864, 0.032627337)
collision_layer = 4
collision_mask = 4
monitoring = false
priority = 3
script = ExtResource("5_xmso4")
damage_multiplier = 0.35

[node name="CollisionShape3D" type="CollisionShape3D" parent="Hitboxes/LeftLowerLeg/C_EntityHitBox" unique_id=708654287]
transform = Transform3D(0.99233353, -0.076507494, -0.097064376, 0.031247705, 0.9151575, -0.40188348, 0.11957641, 0.39576918, 0.9105318, -0.010007083, 0.2209878, 0.033019572)
shape = SubResource("BoxShape3D_isk24")

[node name="RightUpperLeg" type="BoneAttachment3D" parent="Hitboxes" unique_id=38768002]
transform = Transform3D(-0.9881805, 0.10976003, -0.10701122, -0.1053372, -0.99336475, -0.04615859, -0.1113682, -0.03434093, 0.9931798, 0.121955104, 0.9378453, -0.002180934)
bone_name = "thigh.R"
bone_idx = 22
use_external_skeleton = true
external_skeleton = NodePath("../../model3d/rig/Skeleton3D")

[node name="C_EntityHitBox" type="Area3D" parent="Hitboxes/RightUpperLeg" unique_id=132864371]
transform = Transform3D(0.9956892, 0.08276434, 0.041889153, -0.09182246, 0.94347125, 0.31848472, -0.013162106, -0.32095802, 0.9470024, -0.016063392, 0.004548669, 0.022468757)
collision_layer = 4
collision_mask = 4
monitoring = false
priority = 3
script = ExtResource("5_xmso4")
damage_multiplier = 0.35

[node name="CollisionShape3D" type="CollisionShape3D" parent="Hitboxes/RightUpperLeg/C_EntityHitBox" unique_id=1482064850]
transform = Transform3D(0.99233353, -0.076507494, -0.097064376, 0.031247705, 0.9151575, -0.40188348, 0.11957641, 0.39576918, 0.9105318, -0.010007083, 0.2209878, 0.033019572)
shape = SubResource("BoxShape3D_isk24")

[node name="RightLowerLeg" type="BoneAttachment3D" parent="Hitboxes" unique_id=1283813259]
transform = Transform3D(-0.96386844, 0.10053278, -0.24667846, -0.15143216, -0.96865124, 0.19693471, -0.21914706, 0.22717261, 0.94887066, 0.16923302, 0.5099644, -0.01697291)
bone_name = "shin.R"
bone_idx = 23
use_external_skeleton = true
external_skeleton = NodePath("../../model3d/rig/Skeleton3D")

[node name="C_EntityHitBox" type="Area3D" parent="Hitboxes/RightLowerLeg" unique_id=2054582641]
transform = Transform3D(0.99936485, 0.03150055, 0.016675562, -0.035214532, 0.94489044, 0.3254889, -0.00550361, -0.3258695, 0.94539905, 0.009275958, -0.02631867, 0.03262734)
collision_layer = 4
collision_mask = 4
monitoring = false
priority = 3
script = ExtResource("5_xmso4")
damage_multiplier = 0.35

[node name="CollisionShape3D" type="CollisionShape3D" parent="Hitboxes/RightLowerLeg/C_EntityHitBox" unique_id=275266259]
transform = Transform3D(0.99233353, -0.076507494, -0.097064376, 0.031247705, 0.9151575, -0.40188348, 0.11957641, 0.39576918, 0.9105318, -0.010007083, 0.2209878, 0.033019572)
shape = SubResource("BoxShape3D_isk24")

[node name="WeaponAttachment3D" type="BoneAttachment3D" parent="." unique_id=1036447807]
transform = Transform3D(0.9394838, -0.0677667, -0.33583438, 0.34162974, 0.111497626, 0.93320405, -0.025795039, -0.9914534, 0.12790139, 0.29416573, 1.171128, -0.2738483)
bone_name = "hand.R_end"
bone_idx = 16
use_external_skeleton = true
external_skeleton = NodePath("../model3d/rig/Skeleton3D")

[node name="Camera3D" type="Camera3D" parent="." unique_id=545458269]
transform = Transform3D(1, 0, 0, 0, 1, 0, 0, 0, 1, 0, 1.6, 0)

[editable path="model3d"]
