[gd_scene format=3 uid="uid://djlnelowb05hc"]

[ext_resource type="Script" uid="uid://dcn3oawnind62" path="res://prefabs/character/model/skeleton/animated_model.gd" id="1_xmso4"]
[ext_resource type="PackedScene" uid="uid://bpee0363gcskb" path="res://prefabs/character/model/skeleton/skeleton.fbx" id="2_huy8b"]
[ext_resource type="AnimationLibrary" uid="uid://b70xthvesq8rn" path="res://prefabs/character/model/skeleton/animation_library.tres" id="3_xmso4"]
[ext_resource type="AnimationNodeBlendTree" uid="uid://tbkbq7ogpn5u" path="res://prefabs/character/model/skeleton/blend_tree.tres" id="4_xhteq"]
[ext_resource type="Script" path="res://components/entity/c_entity_hitbox.gd" id="5_xmso4"]

[sub_resource type="BoxShape3D" id="BoxShape3D_xmso4"]
size = Vector3(0.2, 0.2, 0.2)

[sub_resource type="BoxShape3D" id="BoxShape3D_xhteq"]
size = Vector3(0.11282959, 0.13710937, 0.0751709)

[sub_resource type="BoxShape3D" id="BoxShape3D_nbqfj"]
size = Vector3(0.30756837, 0.295438, 0.106162645)

[sub_resource type="BoxShape3D" id="BoxShape3D_vfkn1"]
size = Vector3(0.30756837, 0.3540379, 0.11324592)

[sub_resource type="BoxShape3D" id="BoxShape3D_5i7ht"]
size = Vector3(0.26433104, 0.18567106, 0.1755327)

[sub_resource type="BoxShape3D" id="BoxShape3D_lmael"]
size = Vector3(0.07024155, 0.30105644, 0.09814343)

[sub_resource type="BoxShape3D" id="BoxShape3D_lqvlr"]
size = Vector3(0.07024155, 0.30105644, 0.09814343)

[sub_resource type="BoxShape3D" id="BoxShape3D_isk24"]
size = Vector3(0.07024155, 0.4043124, 0.10278293)

[node name="AnimatedModel" type="Node3D" unique_id=1690152358 node_paths=PackedStringArray("root", "model", "tree", "player", "skeleton")]
script = ExtResource("1_xmso4")
root = NodePath("..")
model_scene = ExtResource("2_huy8b")
library = ExtResource("3_xmso4")
blend_tree = ExtResource("4_xhteq")
model = NodePath("model3d")
tree = NodePath("AnimationTree")
player = NodePath("AnimationPlayer")
skeleton = NodePath("model3d/rig/Skeleton3D")
metadata/_custom_type_script = "uid://pf622qfdiljm"

[node name="model3d" parent="." unique_id=125080953 instance=ExtResource("2_huy8b")]
transform = Transform3D(-1, 0, -8.742278e-08, 0, 1, 0, 8.742278e-08, 0, -1, 0, 0, 0)

[node name="rig" parent="model3d" index="0" unique_id=1229230295]
transform = Transform3D(0.40380555, 0.9117548, -0.07512616, -0.00044631617, 0.08231535, 0.9966061, 0.91484463, -0.40240157, 0.03364633, 0.0683032, -0.029251814, -0.023075392)

[node name="Skeleton3D" parent="model3d/rig" index="0" unique_id=392328757]
bones/1/rotation = Quaternion(-0.19053681, 0.049116313, -0.00067843683, 0.9804504)
bones/2/rotation = Quaternion(0.19617152, 0.09761991, 0.006329176, 0.9756777)
bones/3/rotation = Quaternion(0.1604725, 0.025101649, 0.006277416, 0.9867012)
bones/4/rotation = Quaternion(-0.10929796, 0.02516012, 0.0060379575, 0.9936723)
bones/5/rotation = Quaternion(0.9314243, 0.017804043, -0.018775517, 0.36301416)
bones/7/rotation = Quaternion(-0.58586854, -0.37132484, -0.44094735, 0.56959766)
bones/8/rotation = Quaternion(-0.17390811, 0.6764288, -0.58432937, 0.41323027)
bones/9/rotation = Quaternion(0.2522496, -0.055646013, -0.0006988794, 0.9660607)
bones/10/rotation = Quaternion(0.12613021, 0.055825893, 0.040866636, 0.9895982)
bones/12/rotation = Quaternion(-0.57708186, 0.41644466, 0.48233217, 0.5107898)
bones/13/rotation = Quaternion(-0.038411606, -0.70975816, 0.5743452, 0.40607327)
bones/14/rotation = Quaternion(0.109752685, 0.057158243, 0.00030402862, 0.9923141)
bones/15/rotation = Quaternion(-0.021859879, -0.06430737, -0.18381292, 0.9806118)
bones/17/rotation = Quaternion(0.914607, 0.019173993, -0.0032107935, 0.40387642)
bones/18/rotation = Quaternion(0.5093296, 0.02462739, 0.011696791, 0.86013955)
bones/19/rotation = Quaternion(-0.58067554, -0.0161934, 0.0279684, 0.8134935)
bones/20/rotation = Quaternion(3.5527137e-15, 0.95637536, -0.2921406, 0)
bones/22/rotation = Quaternion(0.96651816, 0.03779295, 0.056841858, 0.24735294)
bones/23/rotation = Quaternion(0.2535086, -0.018905599, -0.006294526, 0.9671279)
bones/24/rotation = Quaternion(-0.6523043, -0.02045867, 0.036976077, 0.75677824)
bones/25/rotation = Quaternion(-1.2717555e-07, 0.95507216, -0.2963735, 3.9464478e-08)

[node name="AnimationPlayer" type="AnimationPlayer" parent="." unique_id=1713959702]
root_node = NodePath("../model3d")
libraries/animation_library = ExtResource("3_xmso4")

[node name="AnimationTree" type="AnimationTree" parent="." unique_id=900602812]
root_node = NodePath("../model3d")
tree_root = ExtResource("4_xhteq")
anim_player = NodePath("../AnimationPlayer")
parameters/StateMachine/crouched/blend_position = Vector2(0, 0)
parameters/StateMachine/run/blend_position = Vector2(-0.93160623, 0.9313984)
parameters/StateMachine/walk/blend_position = Vector2(-0.025906742, 0.08707118)

[node name="Hitboxes" type="Node3D" parent="." unique_id=628207090]

[node name="Head" type="BoneAttachment3D" parent="Hitboxes" unique_id=949861060]
transform = Transform3D(-0.7014213, 0.35205603, 0.61972886, 0.112327754, 0.91323024, -0.39165363, -0.70383966, -0.20510146, -0.68010485, 0.11369814, 1.5029101, -0.08740196)
bone_name = "head"
bone_idx = 4
use_external_skeleton = true
external_skeleton = NodePath("../../model3d/rig/Skeleton3D")

[node name="C_EntityHitBox" type="Area3D" parent="Hitboxes/Head" unique_id=1283350238]
transform = Transform3D(1, -1.0244548e-08, -3.7252903e-09, -1.8626451e-09, 1, -4.4703484e-08, 1.1175871e-08, 0, 1, 0.0012209755, 0.036646724, 0.021589816)
collision_layer = 4
collision_mask = 4
monitoring = false
priority = 3
script = ExtResource("5_xmso4")
damage_multiplier = 2.0

[node name="CollisionShape3D" type="CollisionShape3D" parent="Hitboxes/Head/C_EntityHitBox" unique_id=1206054916]
shape = SubResource("BoxShape3D_xmso4")

[node name="Neck" type="BoneAttachment3D" parent="Hitboxes" unique_id=2105621560]
transform = Transform3D(-0.6764733, 0.4738613, 0.5637718, 0.07712991, 0.80688363, -0.58565295, -0.73241687, -0.35269493, -0.58238417, 0.060717717, 1.412696, -0.047968645)
bone_name = "neck"
bone_idx = 3
use_external_skeleton = true
external_skeleton = NodePath("../../model3d/rig/Skeleton3D")

[node name="C_EntityHitBox" type="Area3D" parent="Hitboxes/Neck" unique_id=1570850503]
transform = Transform3D(0.9998374, 0.010521091, 0.014640458, -0.0147680845, 0.943743, 0.33035073, -0.010341186, -0.3305134, 0.94374466, -0.002747645, -0.021424651, 0.015156478)
collision_layer = 4
collision_mask = 4
monitoring = false
priority = 3
script = ExtResource("5_xmso4")
damage_multiplier = 1.5

[node name="CollisionShape3D" type="CollisionShape3D" parent="Hitboxes/Neck/C_EntityHitBox" unique_id=408019511]
transform = Transform3D(0.9998929, -0.00868919, -0.012416095, 0.004829215, 0.959282, -0.28241044, 0.0143650845, 0.28231642, 0.9592186, 0.0030509662, 0.02783227, -0.0056066513)
shape = SubResource("BoxShape3D_xhteq")

[node name="Chest" type="BoneAttachment3D" parent="Hitboxes" unique_id=796290548]
transform = Transform3D(-0.6485575, 0.25723314, 0.7163824, 0.0433409, 0.9521182, -0.30264187, -0.7599307, -0.16523194, -0.62865216, -0.019213963, 1.1168383, 0.003374936)
bone_name = "chest"
bone_idx = 2
use_external_skeleton = true
external_skeleton = NodePath("../../model3d/rig/Skeleton3D")

[node name="C_EntityHitBox" type="Area3D" parent="Hitboxes/Chest" unique_id=1363096170]
transform = Transform3D(0.9998374, 0.010521091, 0.014640458, -0.0147680845, 0.943743, 0.33035073, -0.010341186, -0.3305134, 0.94374466, -0.002747645, -0.021424651, 0.015156478)
collision_layer = 4
collision_mask = 4
monitoring = false
priority = 3
script = ExtResource("5_xmso4")

[node name="CollisionShape3D" type="CollisionShape3D" parent="Hitboxes/Chest/C_EntityHitBox" unique_id=1019215411]
transform = Transform3D(0.9996831, -0.018456746, -0.01711689, 0.007924449, 0.8761691, -0.48193875, 0.02389231, 0.4816504, 0.87603766, 0.0010436773, 0.117118835, 0.08201802)
shape = SubResource("BoxShape3D_nbqfj")

[node name="Spine" type="BoneAttachment3D" parent="Hitboxes" unique_id=1648957366]
transform = Transform3D(-0.49122578, -0.06878211, 0.86831194, 0.008816756, 0.99643344, 0.083918944, -0.8709875, 0.048878852, -0.48886737, -0.010070924, 0.984385, -0.003122408)
bone_name = "spine"
bone_idx = 1
use_external_skeleton = true
external_skeleton = NodePath("../../model3d/rig/Skeleton3D")

[node name="C_EntityHitBox" type="Area3D" parent="Hitboxes/Spine" unique_id=216165780]
transform = Transform3D(0.9998374, 0.010521091, 0.014640458, -0.0147680845, 0.943743, 0.33035073, -0.010341186, -0.3305134, 0.94374466, -0.002747645, -0.021424651, 0.015156478)
collision_layer = 4
collision_mask = 4
monitoring = false
priority = 3
script = ExtResource("5_xmso4")

[node name="CollisionShape3D" type="CollisionShape3D" parent="Hitboxes/Spine/C_EntityHitBox" unique_id=1109769605]
transform = Transform3D(0.99968314, -0.018458072, -0.01711591, 0.007926066, 0.8761688, -0.48193932, 0.023892093, 0.48165098, 0.8760374, 0.0031430423, 0.22381121, 0.06802839)
shape = SubResource("BoxShape3D_vfkn1")

[node name="Hips" type="BoneAttachment3D" parent="Hitboxes" unique_id=1687161286]
transform = Transform3D(-0.40380585, 0.270424, 0.87396294, -0.00044624566, 0.95525473, -0.29578364, -0.91484445, -0.11982919, -0.38561678, -0.04589264, 0.85784715, 0.012750765)
bone_name = "hips"
bone_idx = 0
use_external_skeleton = true
external_skeleton = NodePath("../../model3d/rig/Skeleton3D")

[node name="C_EntityHitBox" type="Area3D" parent="Hitboxes/Hips" unique_id=1153783559]
transform = Transform3D(0.9998374, 0.010521091, 0.014640458, -0.0147680845, 0.943743, 0.33035073, -0.010341186, -0.3305134, 0.94374466, -0.002747645, -0.021424651, 0.015156478)
collision_layer = 4
collision_mask = 4
monitoring = false
priority = 3
script = ExtResource("5_xmso4")
damage_multiplier = 0.85

[node name="CollisionShape3D" type="CollisionShape3D" parent="Hitboxes/Hips/C_EntityHitBox" unique_id=1896655374]
transform = Transform3D(1, 9.313226e-10, 7.8976154e-07, 2.9802322e-08, 1, 1.4901161e-08, 0, 0, 1, 0.0034545213, 0.09284061, 0.03283038)
shape = SubResource("BoxShape3D_5i7ht")

[node name="LeftUpperArm" type="BoneAttachment3D" parent="Hitboxes" unique_id=8313087]
transform = Transform3D(0.2842584, -0.3225361, 0.9028659, -0.18630753, -0.9423452, -0.2779826, 0.9404712, -0.089191966, -0.32796058, -0.0433492, 1.3576529, -0.18501441)
bone_name = "upper_arm.L"
bone_idx = 8
use_external_skeleton = true
external_skeleton = NodePath("../../model3d/rig/Skeleton3D")

[node name="C_EntityHitBox" type="Area3D" parent="Hitboxes/LeftUpperArm" unique_id=228179377]
transform = Transform3D(0.9998374, 0.010521091, 0.014640458, -0.0147680845, 0.943743, 0.33035073, -0.010341186, -0.3305134, 0.94374466, -0.002747645, -0.021424651, 0.015156478)
collision_layer = 4
collision_mask = 4
monitoring = false
priority = 3
script = ExtResource("5_xmso4")
damage_multiplier = 0.5

[node name="CollisionShape3D" type="CollisionShape3D" parent="Hitboxes/LeftUpperArm/C_EntityHitBox" unique_id=1510458535]
transform = Transform3D(0.9923332, -0.07650748, -0.09706442, 0.031247374, 0.91515756, -0.40188348, 0.11957632, 0.39576933, 0.9105318, -0.0082728565, 0.16456664, 0.033371866)
shape = SubResource("BoxShape3D_lmael")

[node name="LeftLowerArm" type="BoneAttachment3D" parent="Hitboxes" unique_id=1482254362]
transform = Transform3D(0.38874105, 0.15101981, 0.9088853, -0.18721552, -0.95294666, 0.2384153, 0.90212524, -0.2628394, -0.3421764, -0.14632404, 1.0567939, -0.2134904)
bone_name = "forearm.L"
bone_idx = 9
use_external_skeleton = true
external_skeleton = NodePath("../../model3d/rig/Skeleton3D")

[node name="C_EntityHitBox" type="Area3D" parent="Hitboxes/LeftLowerArm" unique_id=129677341]
transform = Transform3D(0.99983746, 0.010521098, 0.014640458, -0.014768069, 0.9437432, 0.33035076, -0.010341182, -0.33051342, 0.94374484, -0.005751103, -0.03526163, 0.017040923)
collision_layer = 4
collision_mask = 4
monitoring = false
priority = 3
script = ExtResource("5_xmso4")
damage_multiplier = 0.5

[node name="CollisionShape3D" type="CollisionShape3D" parent="Hitboxes/LeftLowerArm/C_EntityHitBox" unique_id=821388977]
transform = Transform3D(0.9923332, -0.07650748, -0.09706442, 0.031247374, 0.91515756, -0.40188348, 0.11957632, 0.39576933, 0.9105318, -0.0082728565, 0.16456664, 0.033371866)
shape = SubResource("BoxShape3D_lqvlr")

[node name="RightUpperArm" type="BoneAttachment3D" parent="Hitboxes" unique_id=1198981360]
transform = Transform3D(0.9660109, 0.21480885, 0.1438021, 0.23247814, -0.9651774, -0.119941846, 0.11303019, 0.14929612, -0.9823107, 0.19520533, 1.3267123, 0.06262675)
bone_name = "upper_arm.R"
bone_idx = 13
use_external_skeleton = true
external_skeleton = NodePath("../../model3d/rig/Skeleton3D")

[node name="C_EntityHitBox" type="Area3D" parent="Hitboxes/RightUpperArm" unique_id=772578809]
transform = Transform3D(0.99983746, 0.010521106, 0.014640456, -0.0147681, 0.94374305, 0.33035076, -0.010341188, -0.33051336, 0.9437447, 0.011499912, -0.01875782, 0.0155006945)
collision_layer = 4
collision_mask = 4
monitoring = false
priority = 3
script = ExtResource("5_xmso4")
damage_multiplier = 0.5

[node name="CollisionShape3D" type="CollisionShape3D" parent="Hitboxes/RightUpperArm/C_EntityHitBox" unique_id=1029639334]
transform = Transform3D(0.9923332, -0.07650748, -0.09706442, 0.031247374, 0.91515756, -0.40188348, 0.11957632, 0.39576933, 0.9105318, -0.0082728565, 0.16456664, 0.033371866)
shape = SubResource("BoxShape3D_lmael")

[node name="RightLowerArm" type="BoneAttachment3D" parent="Hitboxes" unique_id=322258329]
transform = Transform3D(0.9462204, 0.25249875, 0.20226292, 0.23186496, -0.96527815, 0.12031844, 0.22562048, -0.06695004, -0.97191167, 0.2637863, 1.0185636, 0.11029191)
bone_name = "forearm.R"
bone_idx = 14
use_external_skeleton = true
external_skeleton = NodePath("../../model3d/rig/Skeleton3D")

[node name="C_EntityHitBox" type="Area3D" parent="Hitboxes/RightLowerArm" unique_id=937518934]
transform = Transform3D(0.99983746, 0.010521098, 0.014640458, -0.014768069, 0.9437432, 0.33035076, -0.010341182, -0.33051342, 0.94374484, -0.005751103, -0.03526163, 0.017040923)
collision_layer = 4
collision_mask = 4
monitoring = false
priority = 3
script = ExtResource("5_xmso4")
damage_multiplier = 0.5

[node name="CollisionShape3D" type="CollisionShape3D" parent="Hitboxes/RightLowerArm/C_EntityHitBox" unique_id=802611558]
transform = Transform3D(0.9923332, -0.07650748, -0.09706442, 0.031247374, 0.91515756, -0.40188348, 0.11957632, 0.39576933, 0.9105318, -0.0082728565, 0.16456664, 0.033371866)
shape = SubResource("BoxShape3D_lqvlr")

[node name="LeftUpperLeg" type="BoneAttachment3D" parent="Hitboxes" unique_id=367248935]
transform = Transform3D(-0.4133861, 0.44834134, -0.7925238, 0.036898836, -0.8614156, -0.5065552, -0.9098078, -0.23864743, 0.33955196, -0.054571047, 0.90900767, -0.11070299)
bone_name = "thigh.L"
bone_idx = 17
use_external_skeleton = true
external_skeleton = NodePath("../../model3d/rig/Skeleton3D")

[node name="C_EntityHitBox" type="Area3D" parent="Hitboxes/LeftUpperLeg" unique_id=1988658071]
transform = Transform3D(0.9998377, 0.010521226, 0.014640391, -0.01476806, 0.94374317, 0.33035064, -0.010341182, -0.33051327, 0.9437448, 0.006887257, 0.0021767616, 0.025436975)
collision_layer = 4
collision_mask = 4
monitoring = false
priority = 3
script = ExtResource("5_xmso4")
damage_multiplier = 0.35

[node name="CollisionShape3D" type="CollisionShape3D" parent="Hitboxes/LeftUpperLeg/C_EntityHitBox" unique_id=308060159]
transform = Transform3D(0.99233353, -0.076507494, -0.097064376, 0.031247705, 0.9151575, -0.40188348, 0.11957641, 0.39576918, 0.9105318, -0.010007083, 0.2209878, 0.033019572)
shape = SubResource("BoxShape3D_isk24")

[node name="LeftLowerLeg" type="BoneAttachment3D" parent="Hitboxes" unique_id=1350633474]
transform = Transform3D(-0.36836952, -0.4813056, -0.79538715, 0.013325615, -0.85819554, 0.51314646, -0.92958385, 0.17842612, 0.32254666, 0.13854703, 0.5379624, -0.21349773)
bone_name = "shin.L"
bone_idx = 18
use_external_skeleton = true
external_skeleton = NodePath("../../model3d/rig/Skeleton3D")

[node name="C_EntityHitBox" type="Area3D" parent="Hitboxes/LeftLowerLeg" unique_id=661723506]
transform = Transform3D(0.9998377, 0.010521211, 0.014640406, -0.014768068, 0.94374335, 0.33035064, -0.010341197, -0.3305133, 0.9437449, 0.009275943, -0.02631864, 0.032627337)
collision_layer = 4
collision_mask = 4
monitoring = false
priority = 3
script = ExtResource("5_xmso4")
damage_multiplier = 0.35

[node name="CollisionShape3D" type="CollisionShape3D" parent="Hitboxes/LeftLowerLeg/C_EntityHitBox" unique_id=708654287]
transform = Transform3D(0.99233353, -0.076507494, -0.097064376, 0.031247705, 0.9151575, -0.40188348, 0.11957641, 0.39576918, 0.9105318, -0.010007083, 0.2209878, 0.033019572)
shape = SubResource("BoxShape3D_isk24")

[node name="RightUpperLeg" type="BoneAttachment3D" parent="Hitboxes" unique_id=38768002]
transform = Transform3D(-0.292994, 0.16692781, -0.94142395, 0.06923611, -0.97835183, -0.19502145, -0.95360404, -0.12232132, 0.27509215, 0.039453134, 0.9091116, 0.10231413)
bone_name = "thigh.R"
bone_idx = 22
use_external_skeleton = true
external_skeleton = NodePath("../../model3d/rig/Skeleton3D")

[node name="C_EntityHitBox" type="Area3D" parent="Hitboxes/RightUpperLeg" unique_id=132864371]
transform = Transform3D(0.9956892, 0.08276434, 0.041889153, -0.09182246, 0.94347125, 0.31848472, -0.013162106, -0.32095802, 0.9470024, -0.016063392, 0.004548669, 0.022468757)
collision_layer = 4
collision_mask = 4
monitoring = false
priority = 3
script = ExtResource("5_xmso4")
damage_multiplier = 0.35

[node name="CollisionShape3D" type="CollisionShape3D" parent="Hitboxes/RightUpperLeg/C_EntityHitBox" unique_id=1482064850]
transform = Transform3D(0.99233353, -0.076507494, -0.097064376, 0.031247705, 0.9151575, -0.40188348, 0.11957641, 0.39576918, 0.9105318, -0.010007083, 0.2209878, 0.033019572)
shape = SubResource("BoxShape3D_isk24")

[node name="RightLowerLeg" type="BoneAttachment3D" parent="Hitboxes" unique_id=1283813259]
transform = Transform3D(-0.32781553, -0.31715173, -0.8899108, 0.08396154, -0.9480197, 0.30693436, -0.94100326, 0.025898159, 0.33740327, 0.11135547, 0.4876973, 0.049625568)
bone_name = "shin.R"
bone_idx = 23
use_external_skeleton = true
external_skeleton = NodePath("../../model3d/rig/Skeleton3D")

[node name="C_EntityHitBox" type="Area3D" parent="Hitboxes/RightLowerLeg" unique_id=2054582641]
transform = Transform3D(0.99936485, 0.03150055, 0.016675562, -0.035214532, 0.94489044, 0.3254889, -0.00550361, -0.3258695, 0.94539905, 0.009275958, -0.02631867, 0.03262734)
collision_layer = 4
collision_mask = 4
monitoring = false
priority = 3
script = ExtResource("5_xmso4")
damage_multiplier = 0.35

[node name="CollisionShape3D" type="CollisionShape3D" parent="Hitboxes/RightLowerLeg/C_EntityHitBox" unique_id=275266259]
transform = Transform3D(0.99233353, -0.076507494, -0.097064376, 0.031247705, 0.9151575, -0.40188348, 0.11957641, 0.39576918, 0.9105318, -0.010007083, 0.2209878, 0.033019572)
shape = SubResource("BoxShape3D_isk24")

[editable path="model3d"]
