[gd_scene format=3 uid="uid://bnx8jtayp4apq"]

[ext_resource type="PackedScene" uid="uid://dgmj4cxp8xi62" path="res://addons/simusdev/components/fp_controller/source_like/W_FPCSourceLikeCrouch.tscn" id="1_4pcmp"]
[ext_resource type="Script" uid="uid://bhay2hx584scl" path="res://prefabs/character/player.gd" id="1_ugkum"]
[ext_resource type="Script" uid="uid://cf6vy8vtl307n" path="res://components/entity/c_health.gd" id="2_e30c5"]
[ext_resource type="Script" uid="uid://dllp8gui22y0w" path="res://components/character/c_character_attributes.gd" id="2_l4gda"]
[ext_resource type="Script" uid="uid://b6ybo0qbavf43" path="res://components/inventory/c_inventory.gd" id="2_t7olo"]
[ext_resource type="PackedScene" uid="uid://be7h2lkvpihn3" path="res://addons/simusdev/components/fp_controller/source_like/W_FPCSourceLikeMovement.tscn" id="2_vab5e"]
[ext_resource type="Script" uid="uid://cuf4mg7v4cifn" path="res://components/item/r_item_stack.gd" id="3_t7olo"]
[ext_resource type="Script" uid="uid://d1jwapkumdp1u" path="res://addons/simusdev/SimusNet/SimusNetTransform.gd" id="3_vab5e"]
[ext_resource type="Script" uid="uid://daucbkbqcc48w" path="res://components/c_player_ui_instantiator.gd" id="4_hus3y"]
[ext_resource type="PackedScene" uid="uid://ony44d7xshul" path="res://interface/player_ui.tscn" id="5_ljx0b"]
[ext_resource type="Resource" uid="uid://b416dahi05lyu" path="res://resources/item/weapon/pistol/usp.tres" id="5_xxbvs"]
[ext_resource type="PackedScene" uid="uid://bb30gdt6q8ij" path="res://addons/simusdev/components/fp_controller/source_like/W_FPCSourceLikeCamera.tscn" id="6_axr2b"]
[ext_resource type="Script" uid="uid://b1q8rkwhld80p" path="res://addons/simusdev/statemachine/SD_NodeStateMachine.gd" id="7_mwyjn"]
[ext_resource type="Script" uid="uid://velhy37tmkvn" path="res://components/item/item_state.gd" id="8_xxbvs"]
[ext_resource type="Script" uid="uid://ludxj7r2t8nd" path="res://components/entity/c_entity_eyes.gd" id="10_c4m1b"]
[ext_resource type="Script" uid="uid://be1vafcn3gb7c" path="res://components/ViewModelShake3D.gd" id="10_d7let"]
[ext_resource type="Script" uid="uid://c6esg0ocl7ids" path="res://components/item/item_container3D.gd" id="12_881ch"]
[ext_resource type="Script" uid="uid://rxovr3miec2t" path="res://components/viewmodel_sway.gd" id="12_gck7o"]
[ext_resource type="Script" uid="uid://d11cf51hw1h10" path="res://components/entity/c_footsteps.gd" id="13_gck7o"]
[ext_resource type="PackedScene" uid="uid://djlnelowb05hc" path="res://prefabs/character/model/skeleton/animated_model.tscn" id="14_881ch"]
[ext_resource type="Resource" uid="uid://dfyn7hgdrk6qe" path="res://resources/item/weapon/melee/knife.tres" id="14_c4m1b"]
[ext_resource type="Resource" uid="uid://201n2jffj753" path="res://resources/item/weapon/pistol/deagle.tres" id="15_xjhnu"]
[ext_resource type="Resource" uid="uid://dyj60nohq3yyc" path="res://resources/item/weapon/rifle/ak47.tres" id="16_gfids"]
[ext_resource type="Resource" uid="uid://da868888xx0gr" path="res://resources/item/weapon/sniper/awp.tres" id="17_chu5k"]
[ext_resource type="Script" path="res://components/entity/c_entity_raycast_fire_arm.gd" id="17_xjhnu"]
[ext_resource type="Script" path="res://components/entity/c_entity_raycast_interaction.gd" id="19_lpfs7"]
[ext_resource type="PackedScene" path="res://prefabs/item/flashlight.tscn" id="25_oluwi"]
[ext_resource type="Script" uid="uid://ckr6gi0of5vdt" path="res://components/entity/c_model_item_handler.gd" id="26_lpfs7"]

[sub_resource type="CapsuleShape3D" id="CapsuleShape3D_gck7o"]
radius = 0.2
height = 1.7250001

[sub_resource type="CapsuleShape3D" id="CapsuleShape3D_881ch"]
radius = 0.2
height = 1.1500001

[node name="Player2" type="CharacterBody3D" unique_id=144244501]
collision_layer = 0
script = ExtResource("1_ugkum")

[node name="C_Inventory" type="Node" parent="." unique_id=909061910 node_paths=PackedStringArray("entity")]
script = ExtResource("2_t7olo")
entity = NodePath("..")
_items = Array[ExtResource("3_t7olo")]([ExtResource("14_c4m1b"), ExtResource("5_xxbvs"), ExtResource("15_xjhnu"), ExtResource("16_gfids"), ExtResource("17_chu5k")])
metadata/_custom_type_script = "uid://b6ybo0qbavf43"

[node name="SimusNetTransform" type="Node" parent="." unique_id=467627319 node_paths=PackedStringArray("node")]
script = ExtResource("3_vab5e")
node = NodePath("..")
metadata/_custom_type_script = "uid://d1jwapkumdp1u"

[node name="C_Health" type="Node" parent="." unique_id=2086890501]
script = ExtResource("2_e30c5")
metadata/_custom_type_script = "uid://cf6vy8vtl307n"

[node name="C_CharacterAttributes" type="Node" parent="." unique_id=1211457163]
script = ExtResource("2_l4gda")
money = 5000
metadata/_custom_type_script = "uid://dllp8gui22y0w"

[node name="C_PlayerUIInstantiator" type="Node" parent="." unique_id=1783389691 node_paths=PackedStringArray("_player")]
script = ExtResource("4_hus3y")
_player = NodePath("..")
_scenes = Array[PackedScene]([ExtResource("5_ljx0b")])
metadata/_custom_type_script = "uid://daucbkbqcc48w"

[node name="ItemStateMachine" type="Node" parent="." unique_id=186643728 node_paths=PackedStringArray("initial_state")]
script = ExtResource("7_mwyjn")
initial_state = NodePath("none")
metadata/_custom_type_script = "uid://b1q8rkwhld80p"

[node name="none" type="Node" parent="ItemStateMachine" unique_id=269547081]
process_mode = 4
script = ExtResource("8_xxbvs")
blend = 0.0
metadata/_custom_type_script = "uid://b2fidrwvgnri2"

[node name="knife" type="Node" parent="ItemStateMachine" unique_id=590074104]
process_mode = 4
script = ExtResource("8_xxbvs")
blend = 0.8

[node name="pistol" type="Node" parent="ItemStateMachine" unique_id=1944984217]
process_mode = 4
script = ExtResource("8_xxbvs")

[node name="rifle" type="Node" parent="ItemStateMachine" unique_id=1929476491]
process_mode = 4
script = ExtResource("8_xxbvs")

[node name="Crouch" parent="." unique_id=2100100958 node_paths=PackedStringArray("camera", "movement", "collision_normal", "collision_crouch", "ceiling_detection", "crouch_camera_position") instance=ExtResource("1_4pcmp")]
camera = NodePath("../Camera")
movement = NodePath("../Movement")
collision_normal = NodePath("../Collision")
collision_crouch = NodePath("../CollisionCrouch")
ceiling_detection = NodePath("../CeillingDetection")
crouch_camera_position = NodePath("../CrouchCameraPosition")

[node name="Movement" parent="." unique_id=240765583 node_paths=PackedStringArray("actor") instance=ExtResource("2_vab5e")]
actor = NodePath("..")
gravity = 25.0
jump_force = 10.0
_move_speed = 5.0
_sprint_speed = 6.0
_crouch_speed = 2.5
_crouch_sprint_speed = 2.5
ground_decel = 5.0
key_forward = "move_forward"
key_backward = "move_backward"
key_left = "move_left"
key_right = "move_right"
key_jump = "jump"
key_sprint = "sprint"
key_crouch = "crouch"

[node name="Camera" parent="." unique_id=1107208501 node_paths=PackedStringArray("body") instance=ExtResource("6_axr2b")]
transform = Transform3D(1, 0, 0, 0, 1, 0, 0, 0, 1, 0, 1.6, 0)
body = NodePath("..")

[node name="C_EntityRaycastInteraction" type="RayCast3D" parent="Camera" unique_id=781039367 node_paths=PackedStringArray("_entity")]
target_position = Vector3(0, 0, -1.5)
collision_mask = 7
collide_with_areas = true
script = ExtResource("19_lpfs7")
_entity = NodePath("../..")

[node name="C_EntityEyes" type="Node" parent="Camera" unique_id=1830981472 node_paths=PackedStringArray("_entity", "_camera")]
script = ExtResource("10_c4m1b")
_entity = NodePath("../..")
_camera = NodePath("..")
metadata/_custom_type_script = "uid://ludxj7r2t8nd"

[node name="SimusNetTransform" type="Node" parent="Camera" unique_id=2011054302 node_paths=PackedStringArray("node")]
script = ExtResource("3_vab5e")
node = NodePath("..")
metadata/_custom_type_script = "uid://d1jwapkumdp1u"

[node name="ViewModelShake3D" type="Node3D" parent="Camera" unique_id=357465771 node_paths=PackedStringArray("player", "camera_root", "crouching_node", "sprinting_node")]
script = ExtResource("10_d7let")
player = NodePath("../..")
camera_root = NodePath("..")
crouching_node = NodePath("../../Movement")
crouched_property = &"is_crouched"
sprinting_node = NodePath("../../Movement")
sprinting_property = &"is_sprinting"

[node name="viewmodel" type="Node3D" parent="Camera/ViewModelShake3D" unique_id=1381282563 node_paths=PackedStringArray("root", "inventory", "player", "state_machine")]
script = ExtResource("12_881ch")
root = NodePath("../../..")
type = 1
inventory = NodePath("../../../C_Inventory")
player = NodePath("../../..")
state_machine = NodePath("../../../ItemStateMachine")
metadata/_custom_type_script = "uid://c6esg0ocl7ids"

[node name="ViewModelSway" type="Node" parent="Camera/ViewModelShake3D" unique_id=281605061]
script = ExtResource("12_gck7o")

[node name="C_EntityRaycastFireArm" type="RayCast3D" parent="Camera" unique_id=1328339155 node_paths=PackedStringArray("_entity")]
transform = Transform3D(1, 0, 0, 0, 1, 0, 0, 0, 1, 0, 0, -0.18355194)
enabled = false
target_position = Vector3(0, 0, -250)
collision_mask = 5
collide_with_areas = true
script = ExtResource("17_xjhnu")
_entity = NodePath("../..")

[node name="Flashlight" parent="Camera" unique_id=2093993671 instance=ExtResource("25_oluwi")]

[node name="Collision" type="CollisionShape3D" parent="." unique_id=1485583177]
transform = Transform3D(1, 0, 0, 0, 1, 0, 0, 0, 1, 0, 0.8625, 0)
shape = SubResource("CapsuleShape3D_gck7o")

[node name="CollisionCrouch" type="CollisionShape3D" parent="." unique_id=20328999]
transform = Transform3D(1, 0, 0, 0, 1, 0, 0, 0, 1, 0, 0.57500005, 0)
shape = SubResource("CapsuleShape3D_881ch")

[node name="CrouchCameraPosition" type="Node3D" parent="." unique_id=377077401]
transform = Transform3D(1, 0, 0, 0, 1, 0, 0, 0, 1, 0, 0.97643805, 0)

[node name="CeillingDetection" type="RayCast3D" parent="." unique_id=1485031884]
transform = Transform3D(1, 0, 0, 0, 1, 0, 0, 0, 1, 0, 0, 0.00016915798)
target_position = Vector3(0, 1.5, 0)

[node name="C_Footsteps" type="RayCast3D" parent="." unique_id=590042553 node_paths=PackedStringArray("entity", "audio_player")]
transform = Transform3D(1, 0, 0, 0, 1, 0, 0, 0, 1, 0, 0.05, 0)
target_position = Vector3(0, -0.25, 0)
hit_from_inside = true
script = ExtResource("13_gck7o")
entity = NodePath("..")
audio_player = NodePath("AudioStreamPlayer3D")
metadata/_custom_type_script = "uid://d11cf51hw1h10"

[node name="AudioStreamPlayer3D" type="AudioStreamPlayer3D" parent="C_Footsteps" unique_id=422596269]
max_distance = 25.0

[node name="AnimatedModel" parent="." unique_id=1690152358 node_paths=PackedStringArray("movement", "item_state_machine") instance=ExtResource("14_881ch")]
movement = NodePath("../Movement")
item_state_machine = NodePath("../ItemStateMachine")

[node name="rig" parent="AnimatedModel/model3d" parent_id_path=PackedInt32Array(1690152358, 125080953) index="0" unique_id=1229230295]
transform = Transform3D(0.9980218, -0.06275594, 0.0035548748, -0.0038713824, -0.0049226214, 0.9999801, -0.062737145, -0.99801624, -0.0051558404, -0.017350022, -0.0017978258, 0.013302647)

[node name="FABRIK3D" parent="AnimatedModel/model3d/rig/Skeleton3D" parent_id_path=PackedInt32Array(1690152358, 125080953, 392328757) index="1" unique_id=712842292 node_paths=PackedStringArray("entity_eyes")]
entity_eyes = NodePath("../../../../../Camera/C_EntityEyes")

[node name="Head" parent="AnimatedModel/Hitboxes" parent_id_path=PackedInt32Array(1690152358, 628207090) index="0" unique_id=949861060]
transform = Transform3D(-0.9975288, -0.033815056, -0.061574772, -0.04367152, 0.98507035, 0.16651939, 0.05502457, 0.16879682, -0.9841133, 0.0015919805, 1.5592648, 0.08103123)

[node name="Neck" parent="AnimatedModel/Hitboxes" parent_id_path=PackedInt32Array(1690152358, 628207090) index="1" unique_id=2105621560]
transform = Transform3D(-0.9974785, -0.047011476, -0.053154416, -0.040532507, 0.9923036, -0.117005296, 0.058245856, -0.114556015, -0.99170744, 0.0068481322, 1.4483196, 0.09383925)

[node name="Chest" parent="AnimatedModel/Hitboxes" parent_id_path=PackedInt32Array(1690152358, 628207090) index="2" unique_id=796290548]
transform = Transform3D(-0.99741524, -0.02835211, -0.066013314, -0.037318185, 0.9896138, 0.13882203, 0.061391734, 0.1409266, -0.98811436, 0.015658164, 1.1408105, 0.050048217)

[node name="Spine" parent="AnimatedModel/Hitboxes" parent_id_path=PackedInt32Array(1690152358, 628207090) index="3" unique_id=1648957366]
transform = Transform3D(-0.9979445, 0.0050797425, -0.06387089, -0.01357479, 0.9574598, 0.28824633, 0.06261798, 0.28852084, -0.9554234, 0.014982926, 1.0135376, 0.011695864)

[node name="Hips" parent="AnimatedModel/Hitboxes" parent_id_path=PackedInt32Array(1690152358, 628207090) index="4" unique_id=1687161286]
transform = Transform3D(-0.9980218, -0.017035417, -0.060504377, -0.0038713322, 0.97740525, -0.21133721, 0.062737465, -0.21068504, -0.9755382, 0.01723952, 0.88406557, 0.03960426)

[node name="LeftUpperArm" parent="AnimatedModel/Hitboxes" parent_id_path=PackedInt32Array(1690152358, 628207090) index="5" unique_id=8313087]
transform = Transform3D(0.9357024, -0.19947776, 0.2909852, -0.19247417, -0.9798811, -0.052808914, 0.2956663, -0.006593704, -0.95526886, -0.15965037, 1.3818773, 0.07113379)

[node name="LeftLowerArm" parent="AnimatedModel/Hitboxes" parent_id_path=PackedInt32Array(1690152358, 628207090) index="6" unique_id=1482254362]
transform = Transform3D(0.96460027, -0.16041468, 0.20933317, -0.18817773, -0.9747614, 0.12013982, 0.18477885, -0.15527777, -0.970439, -0.22333728, 1.0690368, 0.0690239)

[node name="RightUpperArm" parent="AnimatedModel/Hitboxes" parent_id_path=PackedInt32Array(1690152358, 628207090) index="7" unique_id=1198981360]
transform = Transform3D(0.90501404, 0.4252902, 0.009130484, 0.42537615, -0.9049427, -0.011853835, 0.0032213032, 0.014611901, -0.9998899, 0.17314728, 1.389786, 0.05074714)

[node name="RightLowerArm" parent="AnimatedModel/Hitboxes" parent_id_path=PackedInt32Array(1690152358, 628207090) index="8" unique_id=322258329]
transform = Transform3D(0.9935665, 0.027612198, -0.10986675, 0.10139546, 0.21573271, 0.97117853, 0.05051812, -0.9760634, 0.21154417, 0.3089278, 1.1008687, 0.055412248)

[node name="LeftUpperLeg" parent="AnimatedModel/Hitboxes" parent_id_path=PackedInt32Array(1690152358, 628207090) index="9" unique_id=367248935]
transform = Transform3D(-0.9782197, -0.08216551, 0.1906123, 0.059344612, -0.9906934, -0.12249199, 0.19890414, -0.10851296, 0.97398657, -0.10150319, 0.9382873, 0.009709585)

[node name="LeftLowerLeg" parent="AnimatedModel/Hitboxes" parent_id_path=PackedInt32Array(1690152358, 628207090) index="10" unique_id=1350633474]
transform = Transform3D(-0.9677912, -0.037570838, 0.24893072, 0.10196205, -0.9625681, 0.25112912, 0.23017873, 0.26841953, 0.935391, -0.13689508, 0.511557, -0.037031174)

[node name="RightUpperLeg" parent="AnimatedModel/Hitboxes" parent_id_path=PackedInt32Array(1690152358, 628207090) index="11" unique_id=38768002]
transform = Transform3D(-0.987176, 0.09272272, -0.12993942, -0.08952342, -0.99552464, -0.030262806, -0.13216484, -0.01824217, 0.9910537, 0.13088132, 0.9391887, -0.0048984755)

[node name="RightLowerLeg" parent="AnimatedModel/Hitboxes" parent_id_path=PackedInt32Array(1690152358, 628207090) index="12" unique_id=1283813259]
transform = Transform3D(-0.9612946, 0.078109585, -0.26421574, -0.13755345, -0.9669678, 0.21459727, -0.23872633, 0.24263357, 0.94028, 0.17082061, 0.51037747, -0.012756088)

[node name="WeaponAttachment3D" parent="AnimatedModel" index="4" unique_id=1036447807]
transform = Transform3D(0.94578207, -0.04363741, -0.32186615, 0.32467726, 0.09867939, 0.9406691, -0.00928632, -0.99416226, 0.10749745, 0.3132499, 1.1655566, -0.275785)

[node name="C_ModelItemHandler3D" type="Node3D" parent="AnimatedModel/WeaponAttachment3D" index="0" unique_id=1992723464 node_paths=PackedStringArray("item_container")]
transform = Transform3D(0.9999997, 0, 0, 0, 0.9999998, 0, 0, 0, 0.9999999, 0, 0, 0)
script = ExtResource("26_lpfs7")
item_container = NodePath("../../../Camera/ViewModelShake3D/viewmodel")

[editable path="Movement"]
[editable path="Camera"]
[editable path="AnimatedModel"]
[editable path="AnimatedModel/model3d"]
