[gd_scene format=3 uid="uid://bnx8jtayp4apq"]

[ext_resource type="PackedScene" uid="uid://dgmj4cxp8xi62" path="res://addons/simusdev/components/fp_controller/source_like/W_FPCSourceLikeCrouch.tscn" id="1_4pcmp"]
[ext_resource type="Script" uid="uid://bhay2hx584scl" path="res://prefabs/character/player.gd" id="1_ugkum"]
[ext_resource type="Script" uid="uid://cf6vy8vtl307n" path="res://components/entity/c_health.gd" id="2_e30c5"]
[ext_resource type="Script" uid="uid://dllp8gui22y0w" path="res://components/character/c_character_attributes.gd" id="2_l4gda"]
[ext_resource type="PackedScene" uid="uid://be7h2lkvpihn3" path="res://addons/simusdev/components/fp_controller/source_like/W_FPCSourceLikeMovement.tscn" id="2_vab5e"]
[ext_resource type="Script" uid="uid://d1jwapkumdp1u" path="res://addons/simusdev/SimusNet/SimusNetTransform.gd" id="3_vab5e"]
[ext_resource type="Script" uid="uid://daucbkbqcc48w" path="res://components/c_player_ui_instantiator.gd" id="4_hus3y"]
[ext_resource type="PackedScene" uid="uid://ony44d7xshul" path="res://interface/player_ui.tscn" id="5_ljx0b"]
[ext_resource type="PackedScene" uid="uid://bb30gdt6q8ij" path="res://addons/simusdev/components/fp_controller/source_like/W_FPCSourceLikeCamera.tscn" id="6_axr2b"]
[ext_resource type="Script" uid="uid://ludxj7r2t8nd" path="res://components/entity/c_entity_eyes.gd" id="10_c4m1b"]
[ext_resource type="Script" path="res://components/ViewModelShake3D.gd" id="10_d7let"]
[ext_resource type="Script" uid="uid://c6esg0ocl7ids" path="res://components/item/item_container3D.gd" id="12_881ch"]
[ext_resource type="Script" path="res://components/viewmodel_sway.gd" id="12_gck7o"]
[ext_resource type="Script" uid="uid://d11cf51hw1h10" path="res://components/entity/c_footsteps.gd" id="13_gck7o"]
[ext_resource type="Script" uid="uid://byr4yde8cnrlk" path="res://components/object/r_world_object.gd" id="13_sjklb"]
[ext_resource type="PackedScene" uid="uid://djlnelowb05hc" path="res://prefabs/character/model/skeleton/animated_model.tscn" id="14_881ch"]
[ext_resource type="Resource" uid="uid://dfyn7hgdrk6qe" path="res://resources/item/weapon/melee/knife.tres" id="14_c4m1b"]
[ext_resource type="Resource" uid="uid://201n2jffj753" path="res://resources/item/weapon/pistol/deagle.tres" id="15_xjhnu"]
[ext_resource type="Resource" uid="uid://dyj60nohq3yyc" path="res://resources/item/weapon/rifle/ak47.tres" id="16_gfids"]
[ext_resource type="Script" uid="uid://doj1n15n4al20" path="res://components/entity/c_entity_raycast_fire_arm.gd" id="17_xjhnu"]

[sub_resource type="CapsuleShape3D" id="CapsuleShape3D_gck7o"]
radius = 0.2
height = 1.7250001

[sub_resource type="CapsuleShape3D" id="CapsuleShape3D_881ch"]
radius = 0.2
height = 1.1500001

[node name="Player" type="CharacterBody3D" unique_id=144244501]
collision_layer = 0
script = ExtResource("1_ugkum")

[node name="SimusNetTransform" type="Node" parent="." unique_id=467627319 node_paths=PackedStringArray("node")]
script = ExtResource("3_vab5e")
node = NodePath("..")
metadata/_custom_type_script = "uid://d1jwapkumdp1u"

[node name="C_Health" type="Node" parent="." unique_id=2086890501]
script = ExtResource("2_e30c5")
metadata/_custom_type_script = "uid://cf6vy8vtl307n"

[node name="C_CharacterAttributes" type="Node" parent="." unique_id=1211457163]
script = ExtResource("2_l4gda")
metadata/_custom_type_script = "uid://dllp8gui22y0w"

[node name="C_PlayerUIInstantiator" type="Node" parent="." unique_id=1783389691 node_paths=PackedStringArray("_player")]
script = ExtResource("4_hus3y")
_player = NodePath("..")
_scenes = Array[PackedScene]([ExtResource("5_ljx0b")])
metadata/_custom_type_script = "uid://daucbkbqcc48w"

[node name="Crouch" parent="." unique_id=2100100958 node_paths=PackedStringArray("camera", "movement", "collision_normal", "collision_crouch", "ceiling_detection", "crouch_camera_position") instance=ExtResource("1_4pcmp")]
camera = NodePath("../Camera")
movement = NodePath("../Movement")
collision_normal = NodePath("../Collision")
collision_crouch = NodePath("../CollisionCrouch")
ceiling_detection = NodePath("../CeillingDetection")
crouch_camera_position = NodePath("../CrouchCameraPosition")

[node name="Movement" parent="." unique_id=240765583 node_paths=PackedStringArray("actor") instance=ExtResource("2_vab5e")]
actor = NodePath("..")
key_forward = "move_forward"
key_backward = "move_backward"
key_left = "move_left"
key_right = "move_right"
key_jump = "jump"
key_sprint = "sprint"
key_crouch = "crouch"

[node name="Camera" parent="." unique_id=1107208501 node_paths=PackedStringArray("body") instance=ExtResource("6_axr2b")]
transform = Transform3D(1, 0, 0, 0, 1, 0, 0, 0, 1, 0, 1.6, 0)
body = NodePath("..")

[node name="C_EntityEyes" type="Node" parent="Camera" unique_id=1830981472 node_paths=PackedStringArray("_entity", "_camera")]
script = ExtResource("10_c4m1b")
_entity = NodePath("../..")
_camera = NodePath("..")
metadata/_custom_type_script = "uid://ludxj7r2t8nd"

[node name="SimusNetTransform" type="Node" parent="Camera" unique_id=2011054302 node_paths=PackedStringArray("node")]
script = ExtResource("3_vab5e")
node = NodePath("..")
metadata/_custom_type_script = "uid://d1jwapkumdp1u"

[node name="ViewModelShake3D" type="Node3D" parent="Camera" unique_id=357465771 node_paths=PackedStringArray("player", "camera_root", "crouching_node", "sprinting_node")]
script = ExtResource("10_d7let")
player = NodePath("../..")
camera_root = NodePath("..")
crouching_node = NodePath("../../Movement")
crouched_property = &"is_crouched"
sprinting_node = NodePath("../../Movement")
sprinting_property = &"is_sprinting"

[node name="viewmodel" type="Node3D" parent="Camera/ViewModelShake3D" unique_id=1381282563 node_paths=PackedStringArray("root", "player")]
script = ExtResource("12_881ch")
root = NodePath("../../..")
type = 1
_objects = Array[ExtResource("13_sjklb")]([ExtResource("14_c4m1b"), ExtResource("15_xjhnu"), ExtResource("16_gfids")])
_object = ExtResource("14_c4m1b")
player = NodePath("../../..")
metadata/_custom_type_script = "uid://c6esg0ocl7ids"

[node name="ViewModelSway" type="Node" parent="Camera/ViewModelShake3D" unique_id=281605061]
script = ExtResource("12_gck7o")

[node name="C_EntityRaycastFireArm" type="RayCast3D" parent="Camera" unique_id=1328339155 node_paths=PackedStringArray("_entity")]
transform = Transform3D(1, 0, 0, 0, 1, 0, 0, 0, 1, 0, 0, -0.18355194)
enabled = false
target_position = Vector3(0, 0, -250)
collision_mask = 5
collide_with_areas = true
script = ExtResource("17_xjhnu")
_entity = NodePath("../..")
metadata/_custom_type_script = "uid://doj1n15n4al20"

[node name="Collision" type="CollisionShape3D" parent="." unique_id=1485583177]
transform = Transform3D(1, 0, 0, 0, 1, 0, 0, 0, 1, 0, 0.8625, 0)
shape = SubResource("CapsuleShape3D_gck7o")

[node name="CollisionCrouch" type="CollisionShape3D" parent="." unique_id=20328999]
transform = Transform3D(1, 0, 0, 0, 1, 0, 0, 0, 1, 0, 0.57500005, 0)
shape = SubResource("CapsuleShape3D_881ch")

[node name="CrouchCameraPosition" type="Node3D" parent="." unique_id=377077401]
transform = Transform3D(1, 0, 0, 0, 1, 0, 0, 0, 1, 0, 0.97643805, 0)

[node name="CeillingDetection" type="RayCast3D" parent="." unique_id=1485031884]
transform = Transform3D(1, 0, 0, 0, 1, 0, 0, 0, 1, 0, 0, 0.00016915798)
target_position = Vector3(0, 1.5, 0)

[node name="C_Footsteps" type="RayCast3D" parent="." unique_id=590042553 node_paths=PackedStringArray("entity", "audio_player")]
transform = Transform3D(1, 0, 0, 0, 1, 0, 0, 0, 1, 0, 0.05, 0)
target_position = Vector3(0, -0.25, 0)
hit_from_inside = true
script = ExtResource("13_gck7o")
entity = NodePath("..")
audio_player = NodePath("AudioStreamPlayer3D")
metadata/_custom_type_script = "uid://d11cf51hw1h10"

[node name="AudioStreamPlayer3D" type="AudioStreamPlayer3D" parent="C_Footsteps" unique_id=422596269]
max_distance = 25.0

[node name="AnimatedModel" parent="." unique_id=1690152358 node_paths=PackedStringArray("movement") instance=ExtResource("14_881ch")]
movement = NodePath("../Movement")

[node name="rig" parent="AnimatedModel/model3d" parent_id_path=PackedInt32Array(1690152358, 125080953) index="0" unique_id=1525161330]
transform = Transform3D(0.9940688, -0.10874768, -0.0009217761, -0.0008424139, -0.016175719, 0.99986875, -0.10874835, -0.9939376, -0.016171392, -0.03780759, -0.0008573564, 0.023946647)

[node name="Skeleton3D" parent="AnimatedModel/model3d/rig" index="0" unique_id=1564758600]
bones/1/rotation = Quaternion(-0.2533683, 0.0019888852, -0.00673206, 0.96734446)
bones/2/rotation = Quaternion(0.06960331, 0.0055280305, -0.013192534, 0.9974723)
bones/3/rotation = Quaternion(0.12765653, -0.00075546117, -0.0032973858, 0.9918127)
bones/4/rotation = Quaternion(-0.14229333, -0.0007914442, -0.003253024, 0.98981893)
bones/5/rotation = Quaternion(0.9191535, -0.0032132536, -0.0009400683, 0.39388537)
bones/7/rotation = Quaternion(-0.5994226, -0.31881192, -0.46084273, 0.5715554)
bones/8/rotation = Quaternion(-0.1958119, 0.7419724, -0.5149445, 0.38205612)
bones/9/rotation = Quaternion(0.07107651, -0.05736022, -0.00019697196, 0.9958202)
bones/10/rotation = Quaternion(0.011128232, 0.018120559, -0.018395767, 0.9996047)
bones/12/rotation = Quaternion(-0.6014674, 0.33557993, 0.45919603, 0.56103665)
bones/13/rotation = Quaternion(-0.34171548, -0.6503716, 0.46848458, 0.49068263)
bones/14/rotation = Quaternion(0.12666102, 0.057042502, 0.0003509278, 0.9903045)
bones/15/rotation = Quaternion(0.11850941, -0.11581273, 0.008185078, 0.986142)
bones/17/rotation = Quaternion(0.98708534, 0.031639084, -0.07223334, 0.13944133)
bones/18/rotation = Quaternion(0.1340295, -0.00575239, -0.02521507, 0.9906398)
bones/19/rotation = Quaternion(-0.59042823, -0.03675497, 0.05733942, 0.8042113)
bones/20/rotation = Quaternion(-3.552714e-15, 0.973558, -0.2284404, 4.4408925e-15)
bones/22/rotation = Quaternion(0.9893462, -0.026564186, 0.09523749, 0.10685722)
bones/23/rotation = Quaternion(0.123114616, 0.0768936, 0.014490778, 0.98930293)
bones/24/rotation = Quaternion(-0.58846766, 0.03577713, -0.056577504, 0.80574495)
bones/25/rotation = Quaternion(-4.0258826e-08, 0.9721268, -0.2344557, 9.746576e-09)

[node name="Head" parent="AnimatedModel/Hitboxes" parent_id_path=PackedInt32Array(1690152358, 628207090) index="0" unique_id=949861060]
transform = Transform3D(-0.9920939, -0.031718004, -0.121421844, -0.05566288, 0.97837055, 0.19922969, 0.11247644, 0.20441328, -0.97240096, 0.030242877, 1.5578799, 0.09804994)

[node name="Neck" parent="AnimatedModel/Hitboxes" parent_id_path=PackedInt32Array(1690152358, 628207090) index="1" unique_id=2105621560]
transform = Transform3D(-0.9922052, -0.058471333, -0.110043116, -0.049268458, 0.9951988, -0.084568515, 0.114459656, -0.07848759, -0.9903222, 0.036780305, 1.4466109, 0.106825285)

[node name="Chest" parent="AnimatedModel/Hitboxes" parent_id_path=PackedInt32Array(1690152358, 628207090) index="2" unique_id=796290548]
transform = Transform3D(-0.9922962, -0.022018308, -0.12191456, -0.042751987, 0.9844873, 0.17016742, 0.116276585, 0.17406857, -0.97784424, 0.043622196, 1.1406949, 0.052735843)

[node name="Spine" parent="AnimatedModel/Hitboxes" parent_id_path=PackedInt32Array(1690152358, 628207090) index="3" unique_id=1648957366]
transform = Transform3D(-0.99360716, 0.020500902, -0.111014485, -0.014502674, 0.95204455, 0.30561534, 0.11195617, 0.30527157, -0.9456609, 0.040897064, 1.0141422, 0.012156874)

[node name="Hips" parent="AnimatedModel/Hitboxes" parent_id_path=PackedInt32Array(1690152358, 628207090) index="4" unique_id=1687161286]
transform = Transform3D(-0.9940688, -0.022605602, -0.10637652, -0.0008423662, 0.9797289, -0.20032606, 0.10874867, -0.1990483, -0.9739369, 0.043891516, 0.8843624, 0.038523808)

[node name="LeftUpperArm" parent="AnimatedModel/Hitboxes" parent_id_path=PackedInt32Array(1690152358, 628207090) index="5" unique_id=8313087]
transform = Transform3D(0.96333855, -0.18472974, 0.19455916, -0.1839156, -0.9826865, -0.02240307, 0.19532923, -0.014200881, -0.98063457, -0.12797482, 1.37624, 0.09463318)

[node name="LeftLowerArm" parent="AnimatedModel/Hitboxes" parent_id_path=PackedInt32Array(1690152358, 628207090) index="6" unique_id=1482254362]
transform = Transform3D(0.9807992, -0.16279434, 0.10737939, -0.17686579, -0.9745018, 0.13807231, 0.08216408, -0.15441312, -0.9845836, -0.18695277, 1.0625015, 0.09009931)

[node name="RightUpperArm" parent="AnimatedModel/Hitboxes" parent_id_path=PackedInt32Array(1690152358, 628207090) index="7" unique_id=1198981360]
transform = Transform3D(0.9827251, 0.17949642, -0.045077894, 0.18085055, -0.98311275, 0.027973961, -0.039295465, -0.035643138, -0.9985913, 0.20068306, 1.3908573, 0.052193053)

[node name="RightLowerArm" parent="AnimatedModel/Hitboxes" parent_id_path=PackedInt32Array(1690152358, 628207090) index="8" unique_id=322258329]
transform = Transform3D(0.98413676, 0.17594421, 0.022754006, 0.16162619, -0.94206196, 0.29393286, 0.07315142, -0.28559256, -0.9555547, 0.25798997, 1.0769829, 0.040813424)

[node name="LeftUpperLeg" parent="AnimatedModel/Hitboxes" parent_id_path=PackedInt32Array(1690152358, 628207090) index="9" unique_id=367248935]
transform = Transform3D(-0.9665538, -0.08923156, 0.24043836, 0.0709609, -0.9939676, -0.083620325, 0.24645105, -0.06376216, 0.9670495, -0.075874224, 0.9393533, 0.0147392675)

[node name="LeftLowerLeg" parent="AnimatedModel/Hitboxes" parent_id_path=PackedInt32Array(1690152358, 628207090) index="10" unique_id=1350633474]
transform = Transform3D(-0.95955014, -0.06879086, 0.2730025, 0.121667564, -0.97578657, 0.18176077, 0.25389025, 0.20762241, 0.94468033, -0.11430974, 0.5112126, -0.012725582)

[node name="RightUpperLeg" parent="AnimatedModel/Hitboxes" parent_id_path=PackedInt32Array(1690152358, 628207090) index="11" unique_id=38768002]
transform = Transform3D(-0.99455506, 0.07258719, -0.07477249, -0.071269564, -0.99725336, -0.020145288, -0.076029815, -0.014706673, 0.9969911, 0.15558986, 0.93954945, -0.0105822785)

[node name="RightLowerLeg" parent="AnimatedModel/Hitboxes" parent_id_path=PackedInt32Array(1690152358, 628207090) index="12" unique_id=1283813259]
transform = Transform3D(-0.9678118, 0.061660483, -0.24400409, -0.114878014, -0.97086173, 0.21031007, -0.22392592, 0.23156984, 0.9466893, 0.18685597, 0.50999355, -0.016917014)

[editable path="Movement"]
[editable path="Camera"]
[editable path="AnimatedModel"]
[editable path="AnimatedModel/model3d"]
