[gd_scene format=3 uid="uid://bnx8jtayp4apq"]

[ext_resource type="PackedScene" uid="uid://dgmj4cxp8xi62" path="res://addons/simusdev/components/fp_controller/source_like/W_FPCSourceLikeCrouch.tscn" id="1_4pcmp"]
[ext_resource type="Script" uid="uid://bhay2hx584scl" path="res://prefabs/character/player.gd" id="1_ugkum"]
[ext_resource type="Script" uid="uid://cf6vy8vtl307n" path="res://components/entity/c_health.gd" id="2_e30c5"]
[ext_resource type="Script" uid="uid://dllp8gui22y0w" path="res://components/character/c_character_attributes.gd" id="2_l4gda"]
[ext_resource type="PackedScene" uid="uid://be7h2lkvpihn3" path="res://addons/simusdev/components/fp_controller/source_like/W_FPCSourceLikeMovement.tscn" id="2_vab5e"]
[ext_resource type="Script" uid="uid://d1jwapkumdp1u" path="res://addons/simusdev/SimusNet/SimusNetTransform.gd" id="3_vab5e"]
[ext_resource type="Script" uid="uid://daucbkbqcc48w" path="res://components/c_player_ui_instantiator.gd" id="4_hus3y"]
[ext_resource type="PackedScene" uid="uid://ony44d7xshul" path="res://interface/player_ui.tscn" id="5_ljx0b"]
[ext_resource type="PackedScene" uid="uid://bb30gdt6q8ij" path="res://addons/simusdev/components/fp_controller/source_like/W_FPCSourceLikeCamera.tscn" id="6_axr2b"]
[ext_resource type="Script" uid="uid://ludxj7r2t8nd" path="res://components/entity/c_entity_eyes.gd" id="10_c4m1b"]
[ext_resource type="Script" path="res://components/ViewModelShake3D.gd" id="10_d7let"]
[ext_resource type="Script" uid="uid://c6esg0ocl7ids" path="res://components/item/item_container3D.gd" id="12_881ch"]
[ext_resource type="Script" path="res://components/viewmodel_sway.gd" id="12_gck7o"]
[ext_resource type="Script" uid="uid://d11cf51hw1h10" path="res://components/entity/c_footsteps.gd" id="13_gck7o"]
[ext_resource type="Script" uid="uid://byr4yde8cnrlk" path="res://components/object/r_world_object.gd" id="13_sjklb"]
[ext_resource type="PackedScene" uid="uid://djlnelowb05hc" path="res://prefabs/character/model/skeleton/animated_model.tscn" id="14_881ch"]
[ext_resource type="Resource" uid="uid://dfyn7hgdrk6qe" path="res://resources/item/weapon/melee/knife.tres" id="14_c4m1b"]
[ext_resource type="Resource" uid="uid://201n2jffj753" path="res://resources/item/weapon/pistol/deagle.tres" id="15_xjhnu"]
[ext_resource type="Script" uid="uid://doj1n15n4al20" path="res://components/entity/c_entity_raycast_fire_arm.gd" id="17_xjhnu"]

[sub_resource type="CapsuleShape3D" id="CapsuleShape3D_gck7o"]
radius = 0.2
height = 1.7250001

[sub_resource type="CapsuleShape3D" id="CapsuleShape3D_881ch"]
radius = 0.2
height = 1.1500001

[node name="Player" type="CharacterBody3D" unique_id=144244501]
collision_layer = 0
script = ExtResource("1_ugkum")

[node name="SimusNetTransform" type="Node" parent="." unique_id=467627319 node_paths=PackedStringArray("node")]
script = ExtResource("3_vab5e")
node = NodePath("..")
metadata/_custom_type_script = "uid://d1jwapkumdp1u"

[node name="C_Health" type="Node" parent="." unique_id=2086890501]
script = ExtResource("2_e30c5")
metadata/_custom_type_script = "uid://cf6vy8vtl307n"

[node name="C_CharacterAttributes" type="Node" parent="." unique_id=1211457163]
script = ExtResource("2_l4gda")
metadata/_custom_type_script = "uid://dllp8gui22y0w"

[node name="C_PlayerUIInstantiator" type="Node" parent="." unique_id=1783389691 node_paths=PackedStringArray("_player")]
script = ExtResource("4_hus3y")
_player = NodePath("..")
_scenes = Array[PackedScene]([ExtResource("5_ljx0b")])
metadata/_custom_type_script = "uid://daucbkbqcc48w"

[node name="Crouch" parent="." unique_id=2100100958 node_paths=PackedStringArray("camera", "movement", "collision_normal", "collision_crouch", "ceiling_detection", "crouch_camera_position") instance=ExtResource("1_4pcmp")]
camera = NodePath("../Camera")
movement = NodePath("../Movement")
collision_normal = NodePath("../Collision")
collision_crouch = NodePath("../CollisionCrouch")
ceiling_detection = NodePath("../CeillingDetection")
crouch_camera_position = NodePath("../CrouchCameraPosition")

[node name="Movement" parent="." unique_id=240765583 node_paths=PackedStringArray("actor") instance=ExtResource("2_vab5e")]
actor = NodePath("..")
key_forward = "move_forward"
key_backward = "move_backward"
key_left = "move_left"
key_right = "move_right"
key_jump = "jump"
key_sprint = "sprint"
key_crouch = "crouch"

[node name="Camera" parent="." unique_id=1107208501 node_paths=PackedStringArray("body") instance=ExtResource("6_axr2b")]
transform = Transform3D(1, 0, 0, 0, 1, 0, 0, 0, 1, 0, 1.6, 0)
body = NodePath("..")

[node name="C_EntityEyes" type="Node" parent="Camera" unique_id=1830981472 node_paths=PackedStringArray("_entity", "_camera")]
script = ExtResource("10_c4m1b")
_entity = NodePath("../..")
_camera = NodePath("..")
metadata/_custom_type_script = "uid://ludxj7r2t8nd"

[node name="SimusNetTransform" type="Node" parent="Camera" unique_id=2011054302 node_paths=PackedStringArray("node")]
script = ExtResource("3_vab5e")
node = NodePath("..")
metadata/_custom_type_script = "uid://d1jwapkumdp1u"

[node name="ViewModelShake3D" type="Node3D" parent="Camera" unique_id=357465771 node_paths=PackedStringArray("player", "camera_root", "crouching_node", "sprinting_node")]
script = ExtResource("10_d7let")
player = NodePath("../..")
camera_root = NodePath("..")
crouching_node = NodePath("../../Movement")
crouched_property = &"is_crouched"
sprinting_node = NodePath("../../Movement")
sprinting_property = &"is_sprinting"

[node name="viewmodel" type="Node3D" parent="Camera/ViewModelShake3D" unique_id=1381282563 node_paths=PackedStringArray("root", "player")]
script = ExtResource("12_881ch")
root = NodePath("../../..")
type = 1
_objects = Array[ExtResource("13_sjklb")]([ExtResource("14_c4m1b"), ExtResource("15_xjhnu")])
_object = ExtResource("14_c4m1b")
player = NodePath("../../..")
metadata/_custom_type_script = "uid://c6esg0ocl7ids"

[node name="ViewModelSway" type="Node" parent="Camera/ViewModelShake3D" unique_id=281605061]
script = ExtResource("12_gck7o")

[node name="C_EntityRaycastFireArm" type="RayCast3D" parent="Camera" unique_id=1328339155 node_paths=PackedStringArray("_entity")]
transform = Transform3D(1, 0, 0, 0, 1, 0, 0, 0, 1, 0, 0, -0.18355194)
enabled = false
target_position = Vector3(0, 0, -250)
collision_mask = 5
collide_with_areas = true
script = ExtResource("17_xjhnu")
_entity = NodePath("../..")
metadata/_custom_type_script = "uid://doj1n15n4al20"

[node name="Collision" type="CollisionShape3D" parent="." unique_id=1485583177]
transform = Transform3D(1, 0, 0, 0, 1, 0, 0, 0, 1, 0, 0.8625, 0)
shape = SubResource("CapsuleShape3D_gck7o")

[node name="CollisionCrouch" type="CollisionShape3D" parent="." unique_id=20328999]
transform = Transform3D(1, 0, 0, 0, 1, 0, 0, 0, 1, 0, 0.57500005, 0)
shape = SubResource("CapsuleShape3D_881ch")

[node name="CrouchCameraPosition" type="Node3D" parent="." unique_id=377077401]
transform = Transform3D(1, 0, 0, 0, 1, 0, 0, 0, 1, 0, 0.97643805, 0)

[node name="CeillingDetection" type="RayCast3D" parent="." unique_id=1485031884]
transform = Transform3D(1, 0, 0, 0, 1, 0, 0, 0, 1, 0, 0, 0.00016915798)
target_position = Vector3(0, 1.5, 0)

[node name="C_Footsteps" type="RayCast3D" parent="." unique_id=590042553 node_paths=PackedStringArray("entity", "audio_player")]
transform = Transform3D(1, 0, 0, 0, 1, 0, 0, 0, 1, 0, 0.05, 0)
target_position = Vector3(0, -0.25, 0)
hit_from_inside = true
script = ExtResource("13_gck7o")
entity = NodePath("..")
audio_player = NodePath("AudioStreamPlayer3D")
metadata/_custom_type_script = "uid://d11cf51hw1h10"

[node name="AudioStreamPlayer3D" type="AudioStreamPlayer3D" parent="C_Footsteps" unique_id=422596269]
max_distance = 25.0

[node name="AnimatedModel" parent="." unique_id=1690152358 node_paths=PackedStringArray("movement") instance=ExtResource("14_881ch")]
movement = NodePath("../Movement")

[node name="rig" parent="AnimatedModel/model3d" parent_id_path=PackedInt32Array(1690152358, 125080953) index="0" unique_id=1525161330]
transform = Transform3D(0.9964417, -0.08153419, 0.02135132, -0.022810636, -0.017008755, 0.99959505, -0.08113801, -0.9965252, -0.018808084, -0.022254426, -0.0051804874, 0.020064425)

[node name="Skeleton3D" parent="AnimatedModel/model3d/rig" index="0" unique_id=1564758600]
bones/1/rotation = Quaternion(-0.24965332, -0.00022831126, -0.0044952403, 0.9683249)
bones/2/rotation = Quaternion(0.07728818, 0.00095779146, -0.010942357, 0.9969483)
bones/3/rotation = Quaternion(0.12807484, -0.001556738, -0.0014244922, 0.99176234)
bones/4/rotation = Quaternion(-0.14187032, -0.0015702669, -0.0014095694, 0.98988307)
bones/5/rotation = Quaternion(0.9193266, -0.00200569, 0.0006556405, 0.39349002)
bones/7/rotation = Quaternion(-0.58946866, -0.3362855, -0.4610754, 0.5717066)
bones/8/rotation = Quaternion(-0.19520915, 0.7404829, -0.5249344, 0.37151355)
bones/9/rotation = Quaternion(0.07642974, -0.057337478, -0.00021172315, 0.99542505)
bones/10/rotation = Quaternion(0.016629502, 0.014041874, -0.0145924715, 0.9996566)
bones/12/rotation = Quaternion(-0.6093775, 0.32249504, 0.4600223, 0.55949575)
bones/13/rotation = Quaternion(-0.34163898, -0.65320075, 0.45878804, 0.49611)
bones/14/rotation = Quaternion(0.12526718, 0.05705268, 0.00034690136, 0.9904812)
bones/15/rotation = Quaternion(0.12581456, -0.11356698, 0.012809056, 0.9854488)
bones/17/rotation = Quaternion(0.98358685, 0.02783139, -0.069826715, 0.16403197)
bones/18/rotation = Quaternion(0.18844792, -0.018717254, -0.020219535, 0.9816966)
bones/19/rotation = Quaternion(-0.61749035, -0.031525955, 0.049523667, 0.78438467)
bones/20/rotation = Quaternion(6.3372667e-09, 0.97357696, -0.22835915, 3.9253303e-09)
bones/22/rotation = Quaternion(0.9874681, -0.033981938, 0.10120225, 0.11623352)
bones/23/rotation = Quaternion(0.12985179, 0.05622518, 0.019252663, 0.9897508)
bones/24/rotation = Quaternion(-0.5878714, 0.040600207, -0.063582875, 0.8054292)
bones/25/rotation = Quaternion(0, 0.97357327, -0.22837524, 1.0658143e-14)

[node name="Head" parent="AnimatedModel/Hitboxes" parent_id_path=PackedInt32Array(1690152358, 628207090) index="0" unique_id=949861060]
transform = Transform3D(-0.995754, -0.04541377, -0.08007177, -0.05898074, 0.9825887, 0.1761823, 0.070676535, 0.18015687, -0.98109514, -0.018587345, 1.554128, 0.09455888)

[node name="Neck" parent="AnimatedModel/Hitboxes" parent_id_path=PackedInt32Array(1690152358, 628207090) index="1" unique_id=2105621560]
transform = Transform3D(-0.9956752, -0.06374049, -0.067586794, -0.05627764, 0.99265486, -0.107093014, 0.07391653, -0.10282621, -0.99194884, -0.011460794, 1.4431436, 0.10605542)

[node name="Chest" parent="AnimatedModel/Hitboxes" parent_id_path=PackedInt32Array(1690152358, 628207090) index="2" unique_id=796290548]
transform = Transform3D(-0.99558765, -0.0412694, -0.08427324, -0.05349844, 0.9874724, 0.1484456, 0.07709125, 0.15229909, -0.98532295, 0.0013631061, 1.1362998, 0.058730558)

[node name="Spine" parent="AnimatedModel/Hitboxes" parent_id_path=PackedInt32Array(1690152358, 628207090) index="3" unique_id=1648957366]
transform = Transform3D(-0.99627227, -0.006203546, -0.08603996, -0.031762324, 0.9537187, 0.2990179, 0.08020294, 0.30063605, -0.9503604, 0.002187727, 1.0095247, 0.018767776)

[node name="Hips" parent="AnimatedModel/Hitboxes" parent_id_path=PackedInt32Array(1690152358, 628207090) index="4" unique_id=1687161286]
transform = Transform3D(-0.9964417, -0.038470045, -0.07499206, -0.022810588, 0.97964174, -0.19945356, 0.08113833, -0.19703324, -0.9770333, 0.0072836597, 0.8797564, 0.044867784)

[node name="LeftUpperArm" parent="AnimatedModel/Hitboxes" parent_id_path=PackedInt32Array(1690152358, 628207090) index="5" unique_id=8313087]
transform = Transform3D(0.9433249, -0.18213716, 0.27742317, -0.17934419, -0.9831403, -0.03563717, 0.27923673, -0.016136836, -0.9600862, -0.17745128, 1.3746777, 0.085056856)

[node name="LeftLowerArm" parent="AnimatedModel/Hitboxes" parent_id_path=PackedInt32Array(1690152358, 628207090) index="6" unique_id=1482254362]
transform = Transform3D(0.9704543, -0.14565992, 0.19235614, -0.17320059, -0.9755811, 0.13506238, 0.16798581, -0.16438815, -0.97198576, -0.2356015, 1.0607944, 0.07990489)

[node name="RightUpperArm" parent="AnimatedModel/Hitboxes" parent_id_path=PackedInt32Array(1690152358, 628207090) index="7" unique_id=1198981360]
transform = Transform3D(0.9826823, 0.18370728, 0.024219308, 0.18389131, -0.9829306, -0.005579345, 0.02278078, 0.0099363495, -0.9996907, 0.15391819, 1.3845677, 0.06184399)

[node name="RightLowerArm" parent="AnimatedModel/Hitboxes" parent_id_path=PackedInt32Array(1690152358, 628207090) index="8" unique_id=322258329]
transform = Transform3D(0.9763017, 0.19732364, 0.0888693, 0.16859907, -0.95096505, 0.2593062, 0.13567871, -0.23817796, -0.9616973, 0.21256949, 1.0707513, 0.06501634)

[node name="LeftUpperLeg" parent="AnimatedModel/Hitboxes" parent_id_path=PackedInt32Array(1690152358, 628207090) index="9" unique_id=367248935]
transform = Transform3D(-0.9754204, -0.064947136, 0.21056153, 0.037858807, -0.9907625, -0.13021661, 0.2170749, -0.119044974, 0.96886295, -0.11295, 0.93220603, 0.017915273)

[node name="LeftLowerLeg" parent="AnimatedModel/Hitboxes" parent_id_path=PackedInt32Array(1690152358, 628207090) index="10" unique_id=1350633474]
transform = Transform3D(-0.96476954, -0.014056614, 0.2627193, 0.08032975, -0.9666257, 0.24327306, 0.25053275, 0.2558039, 0.9336949, -0.14092527, 0.50544596, -0.033362042)

[node name="RightUpperLeg" parent="AnimatedModel/Hitboxes" parent_id_path=PackedInt32Array(1690152358, 628207090) index="11" unique_id=38768002]
transform = Transform3D(-0.98763365, 0.11095861, -0.1107594, -0.10642928, -0.9932545, -0.046018444, -0.115119085, -0.033661515, 0.9927752, 0.1190666, 0.9375174, -0.0009773392)

[node name="RightLowerLeg" parent="AnimatedModel/Hitboxes" parent_id_path=PackedInt32Array(1690152358, 628207090) index="12" unique_id=1283813259]
transform = Transform3D(-0.96303475, 0.101643, -0.24946442, -0.1531428, -0.96844906, 0.19660449, -0.22161017, 0.227539, 0.9482105, 0.16686079, 0.50968397, -0.0154766645)

[editable path="Movement"]
[editable path="Camera"]
[editable path="AnimatedModel"]
[editable path="AnimatedModel/model3d"]
