[gd_scene format=3 uid="uid://bnx8jtayp4apq"]

[ext_resource type="PackedScene" uid="uid://dgmj4cxp8xi62" path="res://addons/simusdev/components/fp_controller/source_like/W_FPCSourceLikeCrouch.tscn" id="1_4pcmp"]
[ext_resource type="Script" uid="uid://bhay2hx584scl" path="res://prefabs/character/player.gd" id="1_ugkum"]
[ext_resource type="Script" uid="uid://cf6vy8vtl307n" path="res://components/entity/c_health.gd" id="2_e30c5"]
[ext_resource type="Script" uid="uid://dllp8gui22y0w" path="res://components/character/c_character_attributes.gd" id="2_l4gda"]
[ext_resource type="Script" uid="uid://b6ybo0qbavf43" path="res://components/inventory/c_inventory.gd" id="2_t7olo"]
[ext_resource type="PackedScene" uid="uid://be7h2lkvpihn3" path="res://addons/simusdev/components/fp_controller/source_like/W_FPCSourceLikeMovement.tscn" id="2_vab5e"]
[ext_resource type="Script" uid="uid://cuf4mg7v4cifn" path="res://components/item/r_item_stack.gd" id="3_t7olo"]
[ext_resource type="Script" uid="uid://d1jwapkumdp1u" path="res://addons/simusdev/SimusNet/SimusNetTransform.gd" id="3_vab5e"]
[ext_resource type="Script" uid="uid://daucbkbqcc48w" path="res://components/c_player_ui_instantiator.gd" id="4_hus3y"]
[ext_resource type="PackedScene" uid="uid://ony44d7xshul" path="res://interface/player_ui.tscn" id="5_ljx0b"]
[ext_resource type="Resource" uid="uid://b416dahi05lyu" path="res://resources/item/weapon/pistol/usp.tres" id="5_xxbvs"]
[ext_resource type="PackedScene" uid="uid://bb30gdt6q8ij" path="res://addons/simusdev/components/fp_controller/source_like/W_FPCSourceLikeCamera.tscn" id="6_axr2b"]
[ext_resource type="Script" uid="uid://b1q8rkwhld80p" path="res://addons/simusdev/statemachine/SD_NodeStateMachine.gd" id="7_mwyjn"]
[ext_resource type="Script" uid="uid://velhy37tmkvn" path="res://components/item/item_state.gd" id="8_xxbvs"]
[ext_resource type="Script" uid="uid://ludxj7r2t8nd" path="res://components/entity/c_entity_eyes.gd" id="10_c4m1b"]
[ext_resource type="Script" uid="uid://be1vafcn3gb7c" path="res://components/ViewModelShake3D.gd" id="10_d7let"]
[ext_resource type="Script" uid="uid://c6esg0ocl7ids" path="res://components/item/item_container3D.gd" id="12_881ch"]
[ext_resource type="Script" uid="uid://rxovr3miec2t" path="res://components/viewmodel_sway.gd" id="12_gck7o"]
[ext_resource type="Script" uid="uid://d11cf51hw1h10" path="res://components/entity/c_footsteps.gd" id="13_gck7o"]
[ext_resource type="PackedScene" uid="uid://djlnelowb05hc" path="res://prefabs/character/model/skeleton/animated_model.tscn" id="14_881ch"]
[ext_resource type="Resource" uid="uid://dfyn7hgdrk6qe" path="res://resources/item/weapon/melee/knife.tres" id="14_c4m1b"]
[ext_resource type="Resource" uid="uid://201n2jffj753" path="res://resources/item/weapon/pistol/deagle.tres" id="15_xjhnu"]
[ext_resource type="Resource" uid="uid://dyj60nohq3yyc" path="res://resources/item/weapon/rifle/ak47.tres" id="16_gfids"]
[ext_resource type="Resource" uid="uid://da868888xx0gr" path="res://resources/item/weapon/sniper/awp.tres" id="17_chu5k"]
[ext_resource type="Script" path="res://components/entity/c_entity_raycast_fire_arm.gd" id="17_xjhnu"]
[ext_resource type="Script" path="res://components/entity/c_entity_raycast_interaction.gd" id="19_lpfs7"]
[ext_resource type="PackedScene" uid="uid://crlxof0mblqlc" path="res://prefabs/item/flashlight.tscn" id="25_oluwi"]
[ext_resource type="Script" uid="uid://ckr6gi0of5vdt" path="res://components/entity/c_model_item_handler.gd" id="26_lpfs7"]

[sub_resource type="CapsuleShape3D" id="CapsuleShape3D_gck7o"]
radius = 0.2
height = 1.7250001

[sub_resource type="CapsuleShape3D" id="CapsuleShape3D_881ch"]
radius = 0.2
height = 1.1500001

[node name="Player2" type="CharacterBody3D" unique_id=144244501]
collision_layer = 0
script = ExtResource("1_ugkum")

[node name="C_Inventory" type="Node" parent="." unique_id=909061910 node_paths=PackedStringArray("entity")]
script = ExtResource("2_t7olo")
entity = NodePath("..")
_items = Array[ExtResource("3_t7olo")]([ExtResource("14_c4m1b"), ExtResource("5_xxbvs"), ExtResource("15_xjhnu"), ExtResource("16_gfids"), ExtResource("17_chu5k")])
metadata/_custom_type_script = "uid://b6ybo0qbavf43"

[node name="SimusNetTransform" type="Node" parent="." unique_id=467627319 node_paths=PackedStringArray("node")]
script = ExtResource("3_vab5e")
node = NodePath("..")
metadata/_custom_type_script = "uid://d1jwapkumdp1u"

[node name="C_Health" type="Node" parent="." unique_id=2086890501]
script = ExtResource("2_e30c5")
metadata/_custom_type_script = "uid://cf6vy8vtl307n"

[node name="C_CharacterAttributes" type="Node" parent="." unique_id=1211457163]
script = ExtResource("2_l4gda")
money = 5000
metadata/_custom_type_script = "uid://dllp8gui22y0w"

[node name="C_PlayerUIInstantiator" type="Node" parent="." unique_id=1783389691 node_paths=PackedStringArray("_player")]
script = ExtResource("4_hus3y")
_player = NodePath("..")
_scenes = Array[PackedScene]([ExtResource("5_ljx0b")])
metadata/_custom_type_script = "uid://daucbkbqcc48w"

[node name="ItemStateMachine" type="Node" parent="." unique_id=186643728 node_paths=PackedStringArray("initial_state")]
script = ExtResource("7_mwyjn")
initial_state = NodePath("none")
metadata/_custom_type_script = "uid://b1q8rkwhld80p"

[node name="none" type="Node" parent="ItemStateMachine" unique_id=269547081]
process_mode = 4
script = ExtResource("8_xxbvs")
blend = 0.0
metadata/_custom_type_script = "uid://b2fidrwvgnri2"

[node name="knife" type="Node" parent="ItemStateMachine" unique_id=590074104]
process_mode = 4
script = ExtResource("8_xxbvs")
blend = 0.8

[node name="pistol" type="Node" parent="ItemStateMachine" unique_id=1944984217]
process_mode = 4
script = ExtResource("8_xxbvs")

[node name="rifle" type="Node" parent="ItemStateMachine" unique_id=1929476491]
process_mode = 4
script = ExtResource("8_xxbvs")

[node name="Crouch" parent="." unique_id=2100100958 node_paths=PackedStringArray("camera", "movement", "collision_normal", "collision_crouch", "ceiling_detection", "crouch_camera_position") instance=ExtResource("1_4pcmp")]
camera = NodePath("../Camera")
movement = NodePath("../Movement")
collision_normal = NodePath("../Collision")
collision_crouch = NodePath("../CollisionCrouch")
ceiling_detection = NodePath("../CeillingDetection")
crouch_camera_position = NodePath("../CrouchCameraPosition")

[node name="Movement" parent="." unique_id=240765583 node_paths=PackedStringArray("actor") instance=ExtResource("2_vab5e")]
actor = NodePath("..")
gravity = 25.0
jump_force = 10.0
_move_speed = 5.0
_sprint_speed = 6.0
_crouch_speed = 2.5
_crouch_sprint_speed = 2.5
ground_decel = 5.0
key_forward = "move_forward"
key_backward = "move_backward"
key_left = "move_left"
key_right = "move_right"
key_jump = "jump"
key_sprint = "sprint"
key_crouch = "crouch"

[node name="Camera" parent="." unique_id=1107208501 node_paths=PackedStringArray("body") instance=ExtResource("6_axr2b")]
transform = Transform3D(1, 0, 0, 0, 1, 0, 0, 0, 1, 0, 1.6, 0)
body = NodePath("..")

[node name="Camera3D" parent="Camera" index="0"]
transform = Transform3D(1, 0, 0, 0, 1, 0, 0, 0, 1, 0, 0, 1.770108)

[node name="C_EntityRaycastInteraction" type="RayCast3D" parent="Camera" unique_id=781039367 node_paths=PackedStringArray("_entity")]
target_position = Vector3(0, 0, -1.5)
collision_mask = 7
collide_with_areas = true
script = ExtResource("19_lpfs7")
_entity = NodePath("../..")

[node name="C_EntityEyes" type="Node" parent="Camera" unique_id=1830981472 node_paths=PackedStringArray("_entity", "_camera")]
script = ExtResource("10_c4m1b")
_entity = NodePath("../..")
_camera = NodePath("..")
metadata/_custom_type_script = "uid://ludxj7r2t8nd"

[node name="SimusNetTransform" type="Node" parent="Camera" unique_id=2011054302 node_paths=PackedStringArray("node")]
script = ExtResource("3_vab5e")
node = NodePath("..")
metadata/_custom_type_script = "uid://d1jwapkumdp1u"

[node name="ViewModelShake3D" type="Node3D" parent="Camera" unique_id=357465771 node_paths=PackedStringArray("player", "camera_root", "crouching_node", "sprinting_node")]
script = ExtResource("10_d7let")
player = NodePath("../..")
camera_root = NodePath("..")
crouching_node = NodePath("../../Movement")
crouched_property = &"is_crouched"
sprinting_node = NodePath("../../Movement")
sprinting_property = &"is_sprinting"
walk_bob = 6.47
sprint_bob = 9.286

[node name="viewmodel" type="Node3D" parent="Camera/ViewModelShake3D" unique_id=1381282563 node_paths=PackedStringArray("root", "inventory", "player", "state_machine")]
script = ExtResource("12_881ch")
root = NodePath("../../..")
type = 1
inventory = NodePath("../../../C_Inventory")
player = NodePath("../../..")
state_machine = NodePath("../../../ItemStateMachine")
metadata/_custom_type_script = "uid://c6esg0ocl7ids"

[node name="ViewModelSway" type="Node" parent="Camera/ViewModelShake3D" unique_id=281605061]
script = ExtResource("12_gck7o")

[node name="C_EntityRaycastFireArm" type="RayCast3D" parent="Camera" unique_id=1328339155 node_paths=PackedStringArray("_entity")]
transform = Transform3D(1, 0, 0, 0, 1, 0, 0, 0, 1, 0, 0, -0.18355194)
enabled = false
target_position = Vector3(0, 0, -250)
collision_mask = 5
collide_with_areas = true
script = ExtResource("17_xjhnu")
_entity = NodePath("../..")

[node name="Flashlight" parent="Camera" unique_id=2093993671 instance=ExtResource("25_oluwi")]

[node name="Collision" type="CollisionShape3D" parent="." unique_id=1485583177]
transform = Transform3D(1, 0, 0, 0, 1, 0, 0, 0, 1, 0, 0.8625, 0)
shape = SubResource("CapsuleShape3D_gck7o")

[node name="CollisionCrouch" type="CollisionShape3D" parent="." unique_id=20328999]
transform = Transform3D(1, 0, 0, 0, 1, 0, 0, 0, 1, 0, 0.57500005, 0)
shape = SubResource("CapsuleShape3D_881ch")

[node name="CrouchCameraPosition" type="Node3D" parent="." unique_id=377077401]
transform = Transform3D(1, 0, 0, 0, 1, 0, 0, 0, 1, 0, 0.97643805, 0)

[node name="CeillingDetection" type="RayCast3D" parent="." unique_id=1485031884]
transform = Transform3D(1, 0, 0, 0, 1, 0, 0, 0, 1, 0, 0, 0.00016915798)
target_position = Vector3(0, 1.5, 0)

[node name="C_Footsteps" type="RayCast3D" parent="." unique_id=590042553 node_paths=PackedStringArray("entity", "audio_player")]
transform = Transform3D(1, 0, 0, 0, 1, 0, 0, 0, 1, 0, 0.05, 0)
target_position = Vector3(0, -0.25, 0)
hit_from_inside = true
script = ExtResource("13_gck7o")
entity = NodePath("..")
audio_player = NodePath("AudioStreamPlayer3D")
walk_time = 0.47
sprint_time = 0.303
metadata/_custom_type_script = "uid://d11cf51hw1h10"

[node name="AudioStreamPlayer3D" type="AudioStreamPlayer3D" parent="C_Footsteps" unique_id=422596269]
max_distance = 25.0

[node name="AnimatedModel" parent="." unique_id=1690152358 node_paths=PackedStringArray("movement", "item_state_machine") instance=ExtResource("14_881ch")]
movement = NodePath("../Movement")
item_state_machine = NodePath("../ItemStateMachine")

[node name="rig" parent="AnimatedModel/model3d" parent_id_path=PackedInt32Array(1690152358, 125080953) index="0" unique_id=1229230295]
transform = Transform3D(0.9956465, -0.08726599, -0.03272949, 0.032144208, -0.008103901, 0.9994501, -0.08748324, -0.9961514, -0.005263531, -0.02776319, -0.005329037, 0.013955306)

[node name="FABRIK3D" parent="AnimatedModel/model3d/rig/Skeleton3D" parent_id_path=PackedInt32Array(1690152358, 125080953, 392328757) index="1" unique_id=712842292 node_paths=PackedStringArray("entity_eyes")]
entity_eyes = NodePath("../../../../../Camera/C_EntityEyes")

[node name="Head" parent="AnimatedModel/Hitboxes" parent_id_path=PackedInt32Array(1690152358, 628207090) index="0" unique_id=949861060]
transform = Transform3D(-0.99678415, 0.0060172603, -0.07989885, -0.007640645, 0.9854935, 0.16953957, 0.07975998, 0.16960469, -0.9822786, 0.07079792, 1.5551958, 0.08077342)

[node name="Neck" parent="AnimatedModel/Hitboxes" parent_id_path=PackedInt32Array(1690152358, 628207090) index="1" unique_id=2105621560]
transform = Transform3D(-0.9965405, -0.01393142, -0.081925415, -0.0045084655, 0.99345917, -0.114097126, 0.08297908, -0.11333325, -0.9900853, 0.07235552, 1.4441215, 0.09344471)

[node name="Chest" parent="AnimatedModel/Hitboxes" parent_id_path=PackedInt32Array(1690152358, 628207090) index="2" unique_id=796290548]
transform = Transform3D(-0.9962831, 0.010948101, -0.085433714, -0.0013014153, 0.9898621, 0.1420244, 0.08612248, 0.14160757, -0.9861689, 0.06895355, 1.1365353, 0.04944209)

[node name="Spine" parent="AnimatedModel/Hitboxes" parent_id_path=PackedInt32Array(1690152358, 628207090) index="3" unique_id=1648957366]
transform = Transform3D(-0.995923, 0.046845295, -0.07708044, 0.022444459, 0.9563853, 0.29124355, 0.08736198, 0.28832608, -0.95353806, 0.06272653, 1.0094054, 0.011115626)

[node name="Hips" parent="AnimatedModel/Hitboxes" parent_id_path=PackedInt32Array(1690152358, 628207090) index="4" unique_id=1687161286]
transform = Transform3D(-0.9956465, 0.013093419, -0.09227781, 0.032144256, 0.9775754, -0.20811656, 0.08748356, -0.21017681, -0.97374064, 0.0609921, 0.8799107, 0.038956698)

[node name="LeftUpperArm" parent="AnimatedModel/Hitboxes" parent_id_path=PackedInt32Array(1690152358, 628207090) index="5" unique_id=8313087]
transform = Transform3D(0.93517584, -0.23487592, 0.26510784, -0.22643813, -0.9720249, -0.062414113, 0.27235207, -0.0016623517, -0.9621964, -0.09694808, 1.383761, 0.07487646)

[node name="LeftLowerArm" parent="AnimatedModel/Hitboxes" parent_id_path=PackedInt32Array(1690152358, 628207090) index="6" unique_id=1482254362]
transform = Transform3D(0.9614516, -0.19935232, 0.1894109, -0.2230871, -0.9681839, 0.113386564, 0.16078182, -0.15126984, -0.9753321, -0.17193645, 1.0734289, 0.074340984)

[node name="RightUpperArm" parent="AnimatedModel/Hitboxes" parent_id_path=PackedInt32Array(1690152358, 628207090) index="7" unique_id=1198981360]
transform = Transform3D(0.91960275, 0.39252654, -0.016101677, 0.39238593, -0.91973543, -0.011258001, -0.019228289, 0.004034931, -0.99980867, 0.23530999, 1.3796552, 0.046238013)

[node name="RightLowerArm" parent="AnimatedModel/Hitboxes" parent_id_path=PackedInt32Array(1690152358, 628207090) index="8" unique_id=322258329]
transform = Transform3D(0.9975298, 0.011181228, -0.069403544, 0.065373145, 0.2154899, 0.9743202, 0.025849737, -0.97644335, 0.21422574, 0.3606302, 1.0860152, 0.04752625)

[node name="LeftUpperLeg" parent="AnimatedModel/Hitboxes" parent_id_path=PackedInt32Array(1690152358, 628207090) index="9" unique_id=367248935]
transform = Transform3D(-0.97020125, -0.12059471, 0.21015298, 0.09447816, -0.98697644, -0.13019535, 0.22311825, -0.10646148, 0.96895397, -0.056417435, 0.938416, 0.012018931)

[node name="LeftLowerLeg" parent="AnimatedModel/Hitboxes" parent_id_path=PackedInt32Array(1690152358, 628207090) index="10" unique_id=1350633474]
transform = Transform3D(-0.95746654, -0.06567907, 0.28096607, 0.13666211, -0.9608274, 0.24110919, 0.2541253, 0.26924887, 0.92893106, -0.10836229, 0.51328677, -0.033838183)

[node name="RightUpperLeg" parent="AnimatedModel/Hitboxes" parent_id_path=PackedInt32Array(1690152358, 628207090) index="11" unique_id=38768002]
transform = Transform3D(-0.9927408, 0.0561892, -0.1063329, -0.053664867, -0.9982083, -0.026456697, -0.107629634, -0.020558394, 0.9939721, 0.17541401, 0.9309314, -0.008351138)

[node name="RightLowerLeg" parent="AnimatedModel/Hitboxes" parent_id_path=PackedInt32Array(1690152358, 628207090) index="12" unique_id=1283813259]
transform = Transform3D(-0.97126323, 0.04909163, -0.23288658, -0.10250108, -0.9693815, 0.22314294, -0.21480155, 0.24060018, 0.9465512, 0.19961688, 0.5009642, -0.01720644)

[node name="WeaponAttachment3D" parent="AnimatedModel" index="4" unique_id=1036447807]
transform = Transform3D(0.9563808, -0.0646806, -0.28488228, 0.29029092, 0.10110485, 0.9515884, -0.032745823, -0.992771, 0.115471125, 0.35907397, 1.1508087, -0.2836748)

[node name="C_ModelItemHandler3D" type="Node3D" parent="AnimatedModel/WeaponAttachment3D" index="0" unique_id=1992723464 node_paths=PackedStringArray("item_container")]
transform = Transform3D(0.9999997, 0, 0, 0, 0.9999998, 0, 0, 0, 0.9999999, 0, 0, 0)
script = ExtResource("26_lpfs7")
item_container = NodePath("../../../Camera/ViewModelShake3D/viewmodel")

[editable path="Movement"]
[editable path="Camera"]
[editable path="AnimatedModel"]
[editable path="AnimatedModel/model3d"]
