[gd_scene format=3 uid="uid://bnx8jtayp4apq"]

[ext_resource type="PackedScene" uid="uid://dgmj4cxp8xi62" path="res://addons/simusdev/components/fp_controller/source_like/W_FPCSourceLikeCrouch.tscn" id="1_4pcmp"]
[ext_resource type="Script" uid="uid://bhay2hx584scl" path="res://prefabs/character/player.gd" id="1_ugkum"]
[ext_resource type="Script" uid="uid://cf6vy8vtl307n" path="res://components/entity/c_health.gd" id="2_e30c5"]
[ext_resource type="Script" uid="uid://dllp8gui22y0w" path="res://components/character/c_character_attributes.gd" id="2_l4gda"]
[ext_resource type="Script" uid="uid://b6ybo0qbavf43" path="res://components/inventory/c_inventory.gd" id="2_t7olo"]
[ext_resource type="PackedScene" uid="uid://be7h2lkvpihn3" path="res://addons/simusdev/components/fp_controller/source_like/W_FPCSourceLikeMovement.tscn" id="2_vab5e"]
[ext_resource type="Script" uid="uid://cuf4mg7v4cifn" path="res://components/item/r_item_stack.gd" id="3_t7olo"]
[ext_resource type="Script" uid="uid://d1jwapkumdp1u" path="res://addons/simusdev/SimusNet/SimusNetTransform.gd" id="3_vab5e"]
[ext_resource type="Script" uid="uid://daucbkbqcc48w" path="res://components/c_player_ui_instantiator.gd" id="4_hus3y"]
[ext_resource type="PackedScene" uid="uid://ony44d7xshul" path="res://interface/player_ui.tscn" id="5_ljx0b"]
[ext_resource type="Resource" uid="uid://b416dahi05lyu" path="res://resources/item/weapon/pistol/usp.tres" id="5_xxbvs"]
[ext_resource type="PackedScene" uid="uid://bb30gdt6q8ij" path="res://addons/simusdev/components/fp_controller/source_like/W_FPCSourceLikeCamera.tscn" id="6_axr2b"]
[ext_resource type="Script" uid="uid://b1q8rkwhld80p" path="res://addons/simusdev/statemachine/SD_NodeStateMachine.gd" id="7_mwyjn"]
[ext_resource type="Script" path="res://components/item/item_state.gd" id="8_xxbvs"]
[ext_resource type="Script" uid="uid://ludxj7r2t8nd" path="res://components/entity/c_entity_eyes.gd" id="10_c4m1b"]
[ext_resource type="Script" path="res://components/ViewModelShake3D.gd" id="10_d7let"]
[ext_resource type="Script" uid="uid://c6esg0ocl7ids" path="res://components/item/item_container3D.gd" id="12_881ch"]
[ext_resource type="Script" path="res://components/viewmodel_sway.gd" id="12_gck7o"]
[ext_resource type="Script" uid="uid://d11cf51hw1h10" path="res://components/entity/c_footsteps.gd" id="13_gck7o"]
[ext_resource type="PackedScene" uid="uid://djlnelowb05hc" path="res://prefabs/character/model/skeleton/animated_model.tscn" id="14_881ch"]
[ext_resource type="Resource" uid="uid://dfyn7hgdrk6qe" path="res://resources/item/weapon/melee/knife.tres" id="14_c4m1b"]
[ext_resource type="Resource" uid="uid://201n2jffj753" path="res://resources/item/weapon/pistol/deagle.tres" id="15_xjhnu"]
[ext_resource type="Resource" uid="uid://dyj60nohq3yyc" path="res://resources/item/weapon/rifle/ak47.tres" id="16_gfids"]
[ext_resource type="Resource" uid="uid://da868888xx0gr" path="res://resources/item/weapon/sniper/awp.tres" id="17_chu5k"]
[ext_resource type="Script" uid="uid://doj1n15n4al20" path="res://components/entity/c_entity_raycast_fire_arm.gd" id="17_xjhnu"]
[ext_resource type="Script" uid="uid://bjlfgb2cevep3" path="res://components/entity/c_entity_raycast_interaction.gd" id="19_lpfs7"]
[ext_resource type="PackedScene" uid="uid://cjigrgg2442fx" path="res://prefabs/item/flashlight.tscn" id="25_oluwi"]
[ext_resource type="Script" path="res://components/entity/c_model_item_handler.gd" id="26_lpfs7"]

[sub_resource type="CapsuleShape3D" id="CapsuleShape3D_gck7o"]
radius = 0.2
height = 1.7250001

[sub_resource type="CapsuleShape3D" id="CapsuleShape3D_881ch"]
radius = 0.2
height = 1.1500001

[node name="Player2" type="CharacterBody3D" unique_id=144244501]
collision_layer = 0
script = ExtResource("1_ugkum")

[node name="C_Inventory" type="Node" parent="." unique_id=909061910 node_paths=PackedStringArray("entity")]
script = ExtResource("2_t7olo")
entity = NodePath("..")
_items = Array[ExtResource("3_t7olo")]([ExtResource("14_c4m1b"), ExtResource("5_xxbvs"), ExtResource("15_xjhnu"), ExtResource("16_gfids"), ExtResource("17_chu5k")])
metadata/_custom_type_script = "uid://b6ybo0qbavf43"

[node name="SimusNetTransform" type="Node" parent="." unique_id=467627319 node_paths=PackedStringArray("node")]
script = ExtResource("3_vab5e")
node = NodePath("..")
metadata/_custom_type_script = "uid://d1jwapkumdp1u"

[node name="C_Health" type="Node" parent="." unique_id=2086890501]
script = ExtResource("2_e30c5")
metadata/_custom_type_script = "uid://cf6vy8vtl307n"

[node name="C_CharacterAttributes" type="Node" parent="." unique_id=1211457163]
script = ExtResource("2_l4gda")
money = 5000
metadata/_custom_type_script = "uid://dllp8gui22y0w"

[node name="C_PlayerUIInstantiator" type="Node" parent="." unique_id=1783389691 node_paths=PackedStringArray("_player")]
script = ExtResource("4_hus3y")
_player = NodePath("..")
_scenes = Array[PackedScene]([ExtResource("5_ljx0b")])
metadata/_custom_type_script = "uid://daucbkbqcc48w"

[node name="ItemStateMachine" type="Node" parent="." unique_id=186643728 node_paths=PackedStringArray("initial_state")]
script = ExtResource("7_mwyjn")
initial_state = NodePath("none")
metadata/_custom_type_script = "uid://b1q8rkwhld80p"

[node name="none" type="Node" parent="ItemStateMachine" unique_id=269547081]
process_mode = 4
script = ExtResource("8_xxbvs")
blend = 0.0
metadata/_custom_type_script = "uid://b2fidrwvgnri2"

[node name="knife" type="Node" parent="ItemStateMachine" unique_id=590074104]
process_mode = 4
script = ExtResource("8_xxbvs")
blend = 0.8

[node name="pistol" type="Node" parent="ItemStateMachine" unique_id=1944984217]
process_mode = 4
script = ExtResource("8_xxbvs")

[node name="rifle" type="Node" parent="ItemStateMachine" unique_id=1929476491]
process_mode = 4
script = ExtResource("8_xxbvs")

[node name="Crouch" parent="." unique_id=2100100958 node_paths=PackedStringArray("camera", "movement", "collision_normal", "collision_crouch", "ceiling_detection", "crouch_camera_position") instance=ExtResource("1_4pcmp")]
camera = NodePath("../Camera")
movement = NodePath("../Movement")
collision_normal = NodePath("../Collision")
collision_crouch = NodePath("../CollisionCrouch")
ceiling_detection = NodePath("../CeillingDetection")
crouch_camera_position = NodePath("../CrouchCameraPosition")

[node name="Movement" parent="." unique_id=240765583 node_paths=PackedStringArray("actor") instance=ExtResource("2_vab5e")]
actor = NodePath("..")
key_forward = "move_forward"
key_backward = "move_backward"
key_left = "move_left"
key_right = "move_right"
key_jump = "jump"
key_sprint = "sprint"
key_crouch = "crouch"

[node name="Camera" parent="." unique_id=1107208501 node_paths=PackedStringArray("body") instance=ExtResource("6_axr2b")]
transform = Transform3D(1, 0, 0, 0, 1, 0, 0, 0, 1, 0, 1.6, 0)
body = NodePath("..")

[node name="C_EntityRaycastInteraction" type="RayCast3D" parent="Camera" unique_id=781039367 node_paths=PackedStringArray("_entity")]
target_position = Vector3(0, 0, -1.5)
collision_mask = 7
collide_with_areas = true
script = ExtResource("19_lpfs7")
_entity = NodePath("../..")

[node name="C_EntityEyes" type="Node" parent="Camera" unique_id=1830981472 node_paths=PackedStringArray("_entity", "_camera")]
script = ExtResource("10_c4m1b")
_entity = NodePath("../..")
_camera = NodePath("..")
metadata/_custom_type_script = "uid://ludxj7r2t8nd"

[node name="SimusNetTransform" type="Node" parent="Camera" unique_id=2011054302 node_paths=PackedStringArray("node")]
script = ExtResource("3_vab5e")
node = NodePath("..")
metadata/_custom_type_script = "uid://d1jwapkumdp1u"

[node name="ViewModelShake3D" type="Node3D" parent="Camera" unique_id=357465771 node_paths=PackedStringArray("player", "camera_root", "crouching_node", "sprinting_node")]
script = ExtResource("10_d7let")
player = NodePath("../..")
camera_root = NodePath("..")
crouching_node = NodePath("../../Movement")
crouched_property = &"is_crouched"
sprinting_node = NodePath("../../Movement")
sprinting_property = &"is_sprinting"

[node name="viewmodel" type="Node3D" parent="Camera/ViewModelShake3D" unique_id=1381282563 node_paths=PackedStringArray("root", "inventory", "player", "state_machine")]
script = ExtResource("12_881ch")
root = NodePath("../../..")
type = 1
inventory = NodePath("../../../C_Inventory")
player = NodePath("../../..")
state_machine = NodePath("../../../ItemStateMachine")
metadata/_custom_type_script = "uid://c6esg0ocl7ids"

[node name="ViewModelSway" type="Node" parent="Camera/ViewModelShake3D" unique_id=281605061]
script = ExtResource("12_gck7o")

[node name="C_EntityRaycastFireArm" type="RayCast3D" parent="Camera" unique_id=1328339155 node_paths=PackedStringArray("_entity")]
transform = Transform3D(1, 0, 0, 0, 1, 0, 0, 0, 1, 0, 0, -0.18355194)
enabled = false
target_position = Vector3(0, 0, -250)
collision_mask = 5
collide_with_areas = true
script = ExtResource("17_xjhnu")
_entity = NodePath("../..")

[node name="Flashlight" parent="Camera" unique_id=2093993671 instance=ExtResource("25_oluwi")]

[node name="Collision" type="CollisionShape3D" parent="." unique_id=1485583177]
transform = Transform3D(1, 0, 0, 0, 1, 0, 0, 0, 1, 0, 0.8625, 0)
shape = SubResource("CapsuleShape3D_gck7o")

[node name="CollisionCrouch" type="CollisionShape3D" parent="." unique_id=20328999]
transform = Transform3D(1, 0, 0, 0, 1, 0, 0, 0, 1, 0, 0.57500005, 0)
shape = SubResource("CapsuleShape3D_881ch")

[node name="CrouchCameraPosition" type="Node3D" parent="." unique_id=377077401]
transform = Transform3D(1, 0, 0, 0, 1, 0, 0, 0, 1, 0, 0.97643805, 0)

[node name="CeillingDetection" type="RayCast3D" parent="." unique_id=1485031884]
transform = Transform3D(1, 0, 0, 0, 1, 0, 0, 0, 1, 0, 0, 0.00016915798)
target_position = Vector3(0, 1.5, 0)

[node name="C_Footsteps" type="RayCast3D" parent="." unique_id=590042553 node_paths=PackedStringArray("entity", "audio_player")]
transform = Transform3D(1, 0, 0, 0, 1, 0, 0, 0, 1, 0, 0.05, 0)
target_position = Vector3(0, -0.25, 0)
hit_from_inside = true
script = ExtResource("13_gck7o")
entity = NodePath("..")
audio_player = NodePath("AudioStreamPlayer3D")
metadata/_custom_type_script = "uid://d11cf51hw1h10"

[node name="AudioStreamPlayer3D" type="AudioStreamPlayer3D" parent="C_Footsteps" unique_id=422596269]
max_distance = 25.0

[node name="AnimatedModel" parent="." unique_id=1690152358 node_paths=PackedStringArray("movement", "item_state_machine") instance=ExtResource("14_881ch")]
movement = NodePath("../Movement")
item_state_machine = NodePath("../ItemStateMachine")

[node name="rig" parent="AnimatedModel/model3d" parent_id_path=PackedInt32Array(1690152358, 125080953) index="0" unique_id=1525161330]
transform = Transform3D(0.99477917, -0.09793233, -0.028675077, 0.027166734, -0.016700925, 0.9994911, -0.098361365, -0.99505246, -0.013953243, -0.02836941, -0.0003603889, 0.025483107)

[node name="FABRIK3D" parent="AnimatedModel/model3d/rig/Skeleton3D" parent_id_path=PackedInt32Array(1690152358, 125080953, 1564758600) index="1" unique_id=712842292 node_paths=PackedStringArray("entity_eyes")]
entity_eyes = NodePath("../../../../../Camera/C_EntityEyes")

[node name="Head" parent="AnimatedModel/Hitboxes" parent_id_path=PackedInt32Array(1690152358, 628207090) index="0" unique_id=949861060]
transform = Transform3D(-0.9958357, 0.0037770998, -0.09108114, -0.012551436, 0.9839438, 0.17803478, 0.090291165, 0.17843646, -0.97979957, 0.06599809, 1.5594162, 0.08289105)

[node name="Neck" parent="AnimatedModel/Hitboxes" parent_id_path=PackedInt32Array(1690152358, 628207090) index="1" unique_id=2105621560]
transform = Transform3D(-0.99557054, -0.019224748, -0.09202498, -0.009447353, 0.9943714, -0.105526194, 0.09353569, -0.10418959, -0.9901489, 0.068147525, 1.4482397, 0.09454004)

[node name="Chest" parent="AnimatedModel/Hitboxes" parent_id_path=PackedInt32Array(1690152358, 628207090) index="2" unique_id=796290548]
transform = Transform3D(-0.9952928, 0.008390658, -0.09654407, -0.0062676743, 0.988585, 0.1505327, 0.09670505, 0.1504291, -0.98387945, 0.06554024, 1.1410503, 0.047796227)

[node name="Spine" parent="AnimatedModel/Hitboxes" parent_id_path=PackedInt32Array(1690152358, 628207090) index="3" unique_id=1648957366]
transform = Transform3D(-0.9950171, 0.04599005, -0.08845626, 0.01746739, 0.9539405, 0.29948598, 0.098155335, 0.2964486, -0.9499911, 0.059426896, 1.0142454, 0.008390062)

[node name="Hips" parent="AnimatedModel/Hitboxes" parent_id_path=PackedInt32Array(1690152358, 628207090) index="4" unique_id=1687161286]
transform = Transform3D(-0.99477917, 0.0068293437, -0.101815656, 0.027166782, 0.9794737, -0.19973163, 0.098361686, -0.20145498, -0.97454596, 0.058522243, 0.88449925, 0.0350758)

[node name="LeftUpperArm" parent="AnimatedModel/Hitboxes" parent_id_path=PackedInt32Array(1690152358, 628207090) index="5" unique_id=8313087]
transform = Transform3D(0.9389542, -0.23088256, 0.25507095, -0.22494367, -0.9729501, -0.052636765, 0.26032534, -0.007953098, -0.96548855, -0.1010952, 1.3873372, 0.07722948)

[node name="LeftLowerArm" parent="AnimatedModel/Hitboxes" parent_id_path=PackedInt32Array(1690152358, 628207090) index="6" unique_id=1482254362]
transform = Transform3D(0.9640228, -0.19697486, 0.17851603, -0.22047825, -0.96761346, 0.122955, 0.14851665, -0.15788934, -0.9762275, -0.17480867, 1.0767096, 0.07468561)

[node name="RightUpperArm" parent="AnimatedModel/Hitboxes" parent_id_path=PackedInt32Array(1690152358, 628207090) index="7" unique_id=1198981360]
transform = Transform3D(0.91772425, 0.3963247, -0.02673214, 0.39640832, -0.91807497, -0.0023277244, -0.02546453, -0.008460474, -0.99964184, 0.23085217, 1.384887, 0.045020714)

[node name="RightLowerArm" parent="AnimatedModel/Hitboxes" parent_id_path=PackedInt32Array(1690152358, 628207090) index="8" unique_id=322258329]
transform = Transform3D(0.99747187, -0.00013358006, -0.07111628, 0.06933382, 0.2243135, 0.97205234, 0.015822448, -0.97451854, 0.2237548, 0.357385, 1.0917771, 0.042319603)

[node name="LeftUpperLeg" parent="AnimatedModel/Hitboxes" parent_id_path=PackedInt32Array(1690152358, 628207090) index="9" unique_id=367248935]
transform = Transform3D(-0.9681433, -0.11766661, 0.2210227, 0.088384055, -0.98647696, -0.13802463, 0.2342761, -0.11409345, 0.9654458, -0.059407804, 0.9427502, 0.0099192485)

[node name="LeftLowerLeg" parent="AnimatedModel/Hitboxes" parent_id_path=PackedInt32Array(1690152358, 628207090) index="10" unique_id=1350633474]
transform = Transform3D(-0.95525163, -0.05884953, 0.28987738, 0.13034047, -0.96347934, 0.23391968, 0.2655261, 0.26123238, 0.92803097, -0.1100914, 0.5178361, -0.03922525)

[node name="RightUpperLeg" parent="AnimatedModel/Hitboxes" parent_id_path=PackedInt32Array(1690152358, 628207090) index="11" unique_id=38768002]
transform = Transform3D(-0.9936048, 0.06006935, -0.09560173, -0.056870025, -0.99773765, -0.03584766, -0.097539455, -0.030181687, 0.9947678, 0.17222169, 0.93642455, -0.01298374)

[node name="RightLowerLeg" parent="AnimatedModel/Hitboxes" parent_id_path=PackedInt32Array(1690152358, 628207090) index="12" unique_id=1283813259]
transform = Transform3D(-0.97307235, 0.055642873, -0.2236796, -0.10464901, -0.9712923, 0.21363401, -0.20537119, 0.23128773, 0.95095557, 0.1980959, 0.5066601, -0.025984168)

[node name="WeaponAttachment3D" parent="AnimatedModel" index="4" unique_id=1036447807]
transform = Transform3D(0.9547752, -0.07569463, -0.28754213, 0.2945947, 0.10976187, 0.9493038, -0.040295452, -0.9910718, 0.12709738, 0.35202536, 1.1595414, -0.28824672)

[node name="C_ModelItemHandler3D" type="Node3D" parent="AnimatedModel/WeaponAttachment3D" index="0" unique_id=1992723464 node_paths=PackedStringArray("item_container")]
transform = Transform3D(0.9999997, 0, 0, 0, 0.9999998, 0, 0, 0, 0.9999999, 0, 0, 0)
script = ExtResource("26_lpfs7")
item_container = NodePath("../../../Camera/ViewModelShake3D/viewmodel")

[editable path="Movement"]
[editable path="Camera"]
[editable path="AnimatedModel"]
[editable path="AnimatedModel/model3d"]
