[gd_scene format=3 uid="uid://bnx8jtayp4apq"]

[ext_resource type="PackedScene" uid="uid://dgmj4cxp8xi62" path="res://addons/simusdev/components/fp_controller/source_like/W_FPCSourceLikeCrouch.tscn" id="1_4pcmp"]
[ext_resource type="Script" uid="uid://bhay2hx584scl" path="res://prefabs/character/player.gd" id="1_ugkum"]
[ext_resource type="Script" uid="uid://cf6vy8vtl307n" path="res://components/entity/c_health.gd" id="2_e30c5"]
[ext_resource type="Script" uid="uid://dllp8gui22y0w" path="res://components/character/c_character_attributes.gd" id="2_l4gda"]
[ext_resource type="Script" uid="uid://b6ybo0qbavf43" path="res://components/inventory/c_inventory.gd" id="2_t7olo"]
[ext_resource type="PackedScene" uid="uid://be7h2lkvpihn3" path="res://addons/simusdev/components/fp_controller/source_like/W_FPCSourceLikeMovement.tscn" id="2_vab5e"]
[ext_resource type="Script" uid="uid://cuf4mg7v4cifn" path="res://components/item/r_item_stack.gd" id="3_t7olo"]
[ext_resource type="Script" uid="uid://d1jwapkumdp1u" path="res://addons/simusdev/SimusNet/SimusNetTransform.gd" id="3_vab5e"]
[ext_resource type="Script" uid="uid://daucbkbqcc48w" path="res://components/c_player_ui_instantiator.gd" id="4_hus3y"]
[ext_resource type="PackedScene" uid="uid://ony44d7xshul" path="res://interface/player_ui.tscn" id="5_ljx0b"]
[ext_resource type="Resource" uid="uid://b416dahi05lyu" path="res://resources/item/weapon/pistol/usp.tres" id="5_xxbvs"]
[ext_resource type="PackedScene" uid="uid://bb30gdt6q8ij" path="res://addons/simusdev/components/fp_controller/source_like/W_FPCSourceLikeCamera.tscn" id="6_axr2b"]
[ext_resource type="Script" uid="uid://b1q8rkwhld80p" path="res://addons/simusdev/statemachine/SD_NodeStateMachine.gd" id="7_mwyjn"]
[ext_resource type="Script" uid="uid://velhy37tmkvn" path="res://components/item/item_state.gd" id="8_xxbvs"]
[ext_resource type="Script" uid="uid://ludxj7r2t8nd" path="res://components/entity/c_entity_eyes.gd" id="10_c4m1b"]
[ext_resource type="Script" uid="uid://be1vafcn3gb7c" path="res://components/ViewModelShake3D.gd" id="10_d7let"]
[ext_resource type="Script" uid="uid://c6esg0ocl7ids" path="res://components/item/item_container3D.gd" id="12_881ch"]
[ext_resource type="Script" uid="uid://rxovr3miec2t" path="res://components/viewmodel_sway.gd" id="12_gck7o"]
[ext_resource type="Script" uid="uid://d11cf51hw1h10" path="res://components/entity/c_footsteps.gd" id="13_gck7o"]
[ext_resource type="PackedScene" uid="uid://djlnelowb05hc" path="res://prefabs/character/model/skeleton/animated_model.tscn" id="14_881ch"]
[ext_resource type="Resource" uid="uid://dfyn7hgdrk6qe" path="res://resources/item/weapon/melee/knife.tres" id="14_c4m1b"]
[ext_resource type="Resource" uid="uid://201n2jffj753" path="res://resources/item/weapon/pistol/deagle.tres" id="15_xjhnu"]
[ext_resource type="Resource" uid="uid://dyj60nohq3yyc" path="res://resources/item/weapon/rifle/ak47.tres" id="16_gfids"]
[ext_resource type="Resource" uid="uid://da868888xx0gr" path="res://resources/item/weapon/sniper/awp.tres" id="17_chu5k"]
[ext_resource type="Script" path="res://components/entity/c_entity_raycast_fire_arm.gd" id="17_xjhnu"]
[ext_resource type="Script" uid="uid://ckr6gi0of5vdt" path="res://components/entity/c_model_item_handler.gd" id="26_lpfs7"]

[sub_resource type="CapsuleShape3D" id="CapsuleShape3D_gck7o"]
radius = 0.2
height = 1.7250001

[sub_resource type="CapsuleShape3D" id="CapsuleShape3D_881ch"]
radius = 0.2
height = 1.1500001

[node name="Player2" type="CharacterBody3D" unique_id=144244501]
collision_layer = 0
script = ExtResource("1_ugkum")

[node name="C_Inventory" type="Node" parent="." unique_id=909061910 node_paths=PackedStringArray("entity")]
script = ExtResource("2_t7olo")
entity = NodePath("..")
_items = Array[ExtResource("3_t7olo")]([ExtResource("14_c4m1b"), ExtResource("5_xxbvs"), ExtResource("15_xjhnu"), ExtResource("16_gfids"), ExtResource("17_chu5k")])
metadata/_custom_type_script = "uid://b6ybo0qbavf43"

[node name="SimusNetTransform" type="Node" parent="." unique_id=467627319 node_paths=PackedStringArray("node")]
script = ExtResource("3_vab5e")
node = NodePath("..")
metadata/_custom_type_script = "uid://d1jwapkumdp1u"

[node name="C_Health" type="Node" parent="." unique_id=2086890501]
script = ExtResource("2_e30c5")
metadata/_custom_type_script = "uid://cf6vy8vtl307n"

[node name="C_CharacterAttributes" type="Node" parent="." unique_id=1211457163]
script = ExtResource("2_l4gda")
metadata/_custom_type_script = "uid://dllp8gui22y0w"

[node name="C_PlayerUIInstantiator" type="Node" parent="." unique_id=1783389691 node_paths=PackedStringArray("_player")]
script = ExtResource("4_hus3y")
_player = NodePath("..")
_scenes = Array[PackedScene]([ExtResource("5_ljx0b")])
metadata/_custom_type_script = "uid://daucbkbqcc48w"

[node name="ItemStateMachine" type="Node" parent="." unique_id=186643728 node_paths=PackedStringArray("initial_state")]
script = ExtResource("7_mwyjn")
initial_state = NodePath("none")
metadata/_custom_type_script = "uid://b1q8rkwhld80p"

[node name="none" type="Node" parent="ItemStateMachine" unique_id=269547081]
process_mode = 4
script = ExtResource("8_xxbvs")
blend = 0.0
metadata/_custom_type_script = "uid://b2fidrwvgnri2"

[node name="knife" type="Node" parent="ItemStateMachine" unique_id=590074104]
process_mode = 4
script = ExtResource("8_xxbvs")
blend = 0.8

[node name="pistol" type="Node" parent="ItemStateMachine" unique_id=1944984217]
process_mode = 4
script = ExtResource("8_xxbvs")

[node name="rifle" type="Node" parent="ItemStateMachine" unique_id=1929476491]
process_mode = 4
script = ExtResource("8_xxbvs")

[node name="Crouch" parent="." unique_id=2100100958 node_paths=PackedStringArray("camera", "movement", "collision_normal", "collision_crouch", "ceiling_detection", "crouch_camera_position") instance=ExtResource("1_4pcmp")]
camera = NodePath("../Camera")
movement = NodePath("../Movement")
collision_normal = NodePath("../Collision")
collision_crouch = NodePath("../CollisionCrouch")
ceiling_detection = NodePath("../CeillingDetection")
crouch_camera_position = NodePath("../CrouchCameraPosition")

[node name="Movement" parent="." unique_id=240765583 node_paths=PackedStringArray("actor") instance=ExtResource("2_vab5e")]
actor = NodePath("..")
key_forward = "move_forward"
key_backward = "move_backward"
key_left = "move_left"
key_right = "move_right"
key_jump = "jump"
key_sprint = "sprint"
key_crouch = "crouch"

[node name="Camera" parent="." unique_id=1107208501 node_paths=PackedStringArray("body") instance=ExtResource("6_axr2b")]
transform = Transform3D(1, 0, 0, 0, 1, 0, 0, 0, 1, 0, 1.6, 0)
body = NodePath("..")

[node name="Camera3D" parent="Camera" index="0"]
transform = Transform3D(-1, 0, -8.742278e-08, 0, 1, 0, 8.742278e-08, 0, -1, 0, 0, -2.068935)

[node name="C_EntityEyes" type="Node" parent="Camera" unique_id=1830981472 node_paths=PackedStringArray("_entity", "_camera")]
script = ExtResource("10_c4m1b")
_entity = NodePath("../..")
_camera = NodePath("..")
metadata/_custom_type_script = "uid://ludxj7r2t8nd"

[node name="SimusNetTransform" type="Node" parent="Camera" unique_id=2011054302 node_paths=PackedStringArray("node")]
script = ExtResource("3_vab5e")
node = NodePath("..")
metadata/_custom_type_script = "uid://d1jwapkumdp1u"

[node name="ViewModelShake3D" type="Node3D" parent="Camera" unique_id=357465771 node_paths=PackedStringArray("player", "camera_root", "crouching_node", "sprinting_node")]
script = ExtResource("10_d7let")
player = NodePath("../..")
camera_root = NodePath("..")
crouching_node = NodePath("../../Movement")
crouched_property = &"is_crouched"
sprinting_node = NodePath("../../Movement")
sprinting_property = &"is_sprinting"

[node name="viewmodel" type="Node3D" parent="Camera/ViewModelShake3D" unique_id=1381282563 node_paths=PackedStringArray("root", "inventory", "player", "state_machine")]
script = ExtResource("12_881ch")
root = NodePath("../../..")
type = 1
inventory = NodePath("../../../C_Inventory")
player = NodePath("../../..")
state_machine = NodePath("../../../ItemStateMachine")
metadata/_custom_type_script = "uid://c6esg0ocl7ids"

[node name="ViewModelSway" type="Node" parent="Camera/ViewModelShake3D" unique_id=281605061]
script = ExtResource("12_gck7o")

[node name="C_EntityRaycastFireArm" type="RayCast3D" parent="Camera" unique_id=1328339155 node_paths=PackedStringArray("_entity")]
transform = Transform3D(1, 0, 0, 0, 1, 0, 0, 0, 1, 0, 0, -0.18355194)
enabled = false
target_position = Vector3(0, 0, -250)
collision_mask = 5
collide_with_areas = true
script = ExtResource("17_xjhnu")
_entity = NodePath("../..")

[node name="Collision" type="CollisionShape3D" parent="." unique_id=1485583177]
transform = Transform3D(1, 0, 0, 0, 1, 0, 0, 0, 1, 0, 0.8625, 0)
shape = SubResource("CapsuleShape3D_gck7o")

[node name="CollisionCrouch" type="CollisionShape3D" parent="." unique_id=20328999]
transform = Transform3D(1, 0, 0, 0, 1, 0, 0, 0, 1, 0, 0.57500005, 0)
shape = SubResource("CapsuleShape3D_881ch")

[node name="CrouchCameraPosition" type="Node3D" parent="." unique_id=377077401]
transform = Transform3D(1, 0, 0, 0, 1, 0, 0, 0, 1, 0, 0.97643805, 0)

[node name="CeillingDetection" type="RayCast3D" parent="." unique_id=1485031884]
transform = Transform3D(1, 0, 0, 0, 1, 0, 0, 0, 1, 0, 0, 0.00016915798)
target_position = Vector3(0, 1.5, 0)

[node name="C_Footsteps" type="RayCast3D" parent="." unique_id=590042553 node_paths=PackedStringArray("entity", "audio_player")]
transform = Transform3D(1, 0, 0, 0, 1, 0, 0, 0, 1, 0, 0.05, 0)
target_position = Vector3(0, -0.25, 0)
hit_from_inside = true
script = ExtResource("13_gck7o")
entity = NodePath("..")
audio_player = NodePath("AudioStreamPlayer3D")
metadata/_custom_type_script = "uid://d11cf51hw1h10"

[node name="AudioStreamPlayer3D" type="AudioStreamPlayer3D" parent="C_Footsteps" unique_id=422596269]
max_distance = 25.0

[node name="AnimatedModel" parent="." unique_id=1690152358 node_paths=PackedStringArray("movement", "item_state_machine") instance=ExtResource("14_881ch")]
movement = NodePath("../Movement")
item_state_machine = NodePath("../ItemStateMachine")

[node name="rig" parent="AnimatedModel/model3d" parent_id_path=PackedInt32Array(1690152358, 125080953) index="0" unique_id=1229230295]
transform = Transform3D(0.9942002, -0.10752694, -0.0016625688, -4.9665567e-05, -0.015919127, 0.99987316, -0.10753975, -0.9940744, -0.01583215, -0.03847352, -0.00078721263, 0.023601087)

[node name="FABRIK3D" parent="AnimatedModel/model3d/rig/Skeleton3D" parent_id_path=PackedInt32Array(1690152358, 125080953, 392328757) index="1" unique_id=712842292 node_paths=PackedStringArray("entity_eyes")]
entity_eyes = NodePath("../../../../../Camera/C_EntityEyes")

[node name="Head" parent="AnimatedModel/Hitboxes" parent_id_path=PackedInt32Array(1690152358, 628207090) index="0" unique_id=949861060]
transform = Transform3D(-0.99425274, -0.021285458, -0.10491696, -0.03976653, 0.9833439, 0.1773504, 0.099394456, 0.18050314, -0.97853917, 0.034749262, 1.559228, 0.087766714)

[node name="Neck" parent="AnimatedModel/Hitboxes" parent_id_path=PackedInt32Array(1690152358, 628207090) index="1" unique_id=2105621560]
transform = Transform3D(-0.9940419, -0.04716874, -0.09825913, -0.03666254, 0.99367803, -0.10611153, 0.102643065, -0.101877086, -0.9894873, 0.040022995, 1.448129, 0.09915715)

[node name="Chest" parent="AnimatedModel/Hitboxes" parent_id_path=PackedInt32Array(1690152358, 628207090) index="2" unique_id=796290548]
transform = Transform3D(-0.99382144, -0.017058203, -0.10966879, -0.033482496, 0.9881617, 0.14971787, 0.10581655, 0.15246466, -0.9826277, 0.045323595, 1.1410713, 0.051780827)

[node name="Spine" parent="AnimatedModel/Hitboxes" parent_id_path=PackedInt32Array(1690152358, 628207090) index="3" unique_id=1648957366]
transform = Transform3D(-0.99417675, 0.022813456, -0.105314694, -0.009751484, 0.9542748, 0.29877144, 0.10731512, 0.29805854, -0.94849575, 0.04229106, 1.014222, 0.012160657)

[node name="Hips" parent="AnimatedModel/Hitboxes" parent_id_path=PackedInt32Array(1690152358, 628207090) index="4" unique_id=1687161286]
transform = Transform3D(-0.9942002, -0.021618461, -0.105344765, -4.9617745e-05, 0.9796777, -0.20057754, 0.10754007, -0.1994091, -0.9739972, 0.04515475, 0.8844488, 0.03857538)

[node name="LeftUpperArm" parent="AnimatedModel/Hitboxes" parent_id_path=PackedInt32Array(1690152358, 628207090) index="5" unique_id=8313087]
transform = Transform3D(0.94707614, -0.20445195, 0.24748616, -0.19984958, -0.97884554, -0.043860625, 0.2512192, -0.007920672, -0.9678984, -0.1276568, 1.3826853, 0.08326919)

[node name="LeftLowerArm" parent="AnimatedModel/Hitboxes" parent_id_path=PackedInt32Array(1690152358, 628207090) index="6" unique_id=1482254362]
transform = Transform3D(0.97098285, -0.17208675, 0.16609721, -0.19449338, -0.97230715, 0.12960687, 0.1391952, -0.15815005, -0.97755706, -0.1929319, 1.0701754, 0.0807359)

[node name="RightUpperArm" parent="AnimatedModel/Hitboxes" parent_id_path=PackedInt32Array(1690152358, 628207090) index="7" unique_id=1198981360]
transform = Transform3D(0.9063513, 0.42100316, -0.035881918, 0.42123622, -0.90695333, -0.0011598542, -0.033031352, -0.014063362, -0.9993572, 0.20392343, 1.3893131, 0.048011817)

[node name="RightLowerArm" parent="AnimatedModel/Hitboxes" parent_id_path=PackedInt32Array(1690152358, 628207090) index="8" unique_id=322258329]
transform = Transform3D(0.99532527, -0.015214352, -0.09540727, 0.09637113, 0.22607237, 0.9693364, 0.006821187, -0.9739943, 0.22648098, 0.3383353, 1.099754, 0.04352188)

[node name="LeftUpperLeg" parent="AnimatedModel/Hitboxes" parent_id_path=PackedInt32Array(1690152358, 628207090) index="9" unique_id=367248935]
transform = Transform3D(-0.9679829, -0.09189479, 0.23358667, 0.061611056, -0.9890914, -0.13379844, 0.24333538, -0.11512378, 0.96307987, -0.07454009, 0.9395226, 0.014626512)

[node name="LeftLowerLeg" parent="AnimatedModel/Hitboxes" parent_id_path=PackedInt32Array(1690152358, 628207090) index="10" unique_id=1350633474]
transform = Transform3D(-0.955947, -0.030262915, 0.29197204, 0.10384289, -0.96521544, 0.23994909, 0.2745557, 0.2596953, 0.9258325, -0.11412276, 0.51348245, -0.03496179)

[node name="RightUpperLeg" parent="AnimatedModel/Hitboxes" parent_id_path=PackedInt32Array(1690152358, 628207090) index="11" unique_id=38768002]
transform = Transform3D(-0.99255294, 0.08684806, -0.08541052, -0.08365239, -0.9956792, -0.040314972, -0.088543326, -0.032870118, 0.9955239, 0.1569546, 0.9395342, -0.010413616)

[node name="RightLowerLeg" parent="AnimatedModel/Hitboxes" parent_id_path=PackedInt32Array(1690152358, 628207090) index="12" unique_id=1283813259]
transform = Transform3D(-0.9717271, 0.08411821, -0.22061178, -0.13065177, -0.96985906, 0.20567839, -0.19666106, 0.22868502, 0.95342314, 0.19436343, 0.5106564, -0.024572056)

[node name="WeaponAttachment3D" parent="AnimatedModel" index="4" unique_id=1036447807]
transform = Transform3D(0.9460147, -0.08778773, -0.3120187, 0.3204953, 0.10954228, 0.94090164, -0.048419856, -0.99009985, 0.13176423, 0.32808822, 1.1679736, -0.28683576)

[node name="C_ModelItemHandler3D" type="Node3D" parent="AnimatedModel/WeaponAttachment3D" index="0" unique_id=1992723464 node_paths=PackedStringArray("item_container")]
script = ExtResource("26_lpfs7")
item_container = NodePath("../../../Camera/ViewModelShake3D/viewmodel")
metadata/_custom_type_script = "uid://ckr6gi0of5vdt"

[editable path="Movement"]
[editable path="Camera"]
[editable path="AnimatedModel"]
[editable path="AnimatedModel/model3d"]
