[gd_scene format=3 uid="uid://bnx8jtayp4apq"]

[ext_resource type="PackedScene" uid="uid://dgmj4cxp8xi62" path="res://addons/simusdev/components/fp_controller/source_like/W_FPCSourceLikeCrouch.tscn" id="1_4pcmp"]
[ext_resource type="Script" uid="uid://bhay2hx584scl" path="res://prefabs/character/player.gd" id="1_ugkum"]
[ext_resource type="Script" uid="uid://cf6vy8vtl307n" path="res://components/entity/c_health.gd" id="2_e30c5"]
[ext_resource type="Script" uid="uid://dllp8gui22y0w" path="res://components/character/c_character_attributes.gd" id="2_l4gda"]
[ext_resource type="Script" uid="uid://b6ybo0qbavf43" path="res://components/inventory/c_inventory.gd" id="2_t7olo"]
[ext_resource type="PackedScene" uid="uid://be7h2lkvpihn3" path="res://addons/simusdev/components/fp_controller/source_like/W_FPCSourceLikeMovement.tscn" id="2_vab5e"]
[ext_resource type="Script" uid="uid://cuf4mg7v4cifn" path="res://components/item/r_item_stack.gd" id="3_t7olo"]
[ext_resource type="Script" uid="uid://d1jwapkumdp1u" path="res://addons/simusdev/SimusNet/SimusNetTransform.gd" id="3_vab5e"]
[ext_resource type="Script" uid="uid://daucbkbqcc48w" path="res://components/c_player_ui_instantiator.gd" id="4_hus3y"]
[ext_resource type="PackedScene" uid="uid://ony44d7xshul" path="res://interface/player_ui.tscn" id="5_ljx0b"]
[ext_resource type="Resource" uid="uid://b416dahi05lyu" path="res://resources/item/weapon/pistol/usp.tres" id="5_xxbvs"]
[ext_resource type="PackedScene" uid="uid://bb30gdt6q8ij" path="res://addons/simusdev/components/fp_controller/source_like/W_FPCSourceLikeCamera.tscn" id="6_axr2b"]
[ext_resource type="Script" uid="uid://b1q8rkwhld80p" path="res://addons/simusdev/statemachine/SD_NodeStateMachine.gd" id="7_mwyjn"]
[ext_resource type="Script" path="res://components/item/item_state.gd" id="8_xxbvs"]
[ext_resource type="Script" uid="uid://ludxj7r2t8nd" path="res://components/entity/c_entity_eyes.gd" id="10_c4m1b"]
[ext_resource type="Script" path="res://components/ViewModelShake3D.gd" id="10_d7let"]
[ext_resource type="Script" uid="uid://c6esg0ocl7ids" path="res://components/item/item_container3D.gd" id="12_881ch"]
[ext_resource type="Script" path="res://components/viewmodel_sway.gd" id="12_gck7o"]
[ext_resource type="Script" uid="uid://d11cf51hw1h10" path="res://components/entity/c_footsteps.gd" id="13_gck7o"]
[ext_resource type="PackedScene" uid="uid://djlnelowb05hc" path="res://prefabs/character/model/skeleton/animated_model.tscn" id="14_881ch"]
[ext_resource type="Resource" uid="uid://dfyn7hgdrk6qe" path="res://resources/item/weapon/melee/knife.tres" id="14_c4m1b"]
[ext_resource type="Resource" uid="uid://201n2jffj753" path="res://resources/item/weapon/pistol/deagle.tres" id="15_xjhnu"]
[ext_resource type="Resource" uid="uid://dyj60nohq3yyc" path="res://resources/item/weapon/rifle/ak47.tres" id="16_gfids"]
[ext_resource type="Resource" uid="uid://da868888xx0gr" path="res://resources/item/weapon/sniper/awp.tres" id="17_chu5k"]
[ext_resource type="Script" uid="uid://doj1n15n4al20" path="res://components/entity/c_entity_raycast_fire_arm.gd" id="17_xjhnu"]
[ext_resource type="Script" uid="uid://bjlfgb2cevep3" path="res://components/entity/c_entity_raycast_interaction.gd" id="19_lpfs7"]

[sub_resource type="CapsuleShape3D" id="CapsuleShape3D_gck7o"]
radius = 0.2
height = 1.7250001

[sub_resource type="CapsuleShape3D" id="CapsuleShape3D_881ch"]
radius = 0.2
height = 1.1500001

[node name="Player" type="CharacterBody3D" unique_id=144244501]
collision_layer = 0
script = ExtResource("1_ugkum")

[node name="C_Inventory" type="Node" parent="." unique_id=909061910 node_paths=PackedStringArray("entity")]
script = ExtResource("2_t7olo")
entity = NodePath("..")
_items = Array[ExtResource("3_t7olo")]([ExtResource("14_c4m1b"), ExtResource("5_xxbvs"), ExtResource("15_xjhnu"), ExtResource("16_gfids"), ExtResource("17_chu5k")])
metadata/_custom_type_script = "uid://b6ybo0qbavf43"

[node name="SimusNetTransform" type="Node" parent="." unique_id=467627319 node_paths=PackedStringArray("node")]
script = ExtResource("3_vab5e")
node = NodePath("..")
metadata/_custom_type_script = "uid://d1jwapkumdp1u"

[node name="C_Health" type="Node" parent="." unique_id=2086890501]
script = ExtResource("2_e30c5")
metadata/_custom_type_script = "uid://cf6vy8vtl307n"

[node name="C_CharacterAttributes" type="Node" parent="." unique_id=1211457163]
script = ExtResource("2_l4gda")
money = 5000
metadata/_custom_type_script = "uid://dllp8gui22y0w"

[node name="C_PlayerUIInstantiator" type="Node" parent="." unique_id=1783389691 node_paths=PackedStringArray("_player")]
script = ExtResource("4_hus3y")
_player = NodePath("..")
_scenes = Array[PackedScene]([ExtResource("5_ljx0b")])
metadata/_custom_type_script = "uid://daucbkbqcc48w"

[node name="ItemStateMachine" type="Node" parent="." unique_id=186643728 node_paths=PackedStringArray("initial_state")]
script = ExtResource("7_mwyjn")
initial_state = NodePath("none")
metadata/_custom_type_script = "uid://b1q8rkwhld80p"

[node name="none" type="Node" parent="ItemStateMachine" unique_id=269547081]
process_mode = 4
script = ExtResource("8_xxbvs")
blend = 0.0
metadata/_custom_type_script = "uid://b2fidrwvgnri2"

[node name="knife" type="Node" parent="ItemStateMachine" unique_id=590074104]
process_mode = 4
script = ExtResource("8_xxbvs")
blend = 0.8

[node name="pistol" type="Node" parent="ItemStateMachine" unique_id=1944984217]
process_mode = 4
script = ExtResource("8_xxbvs")

[node name="rifle" type="Node" parent="ItemStateMachine" unique_id=1929476491]
process_mode = 4
script = ExtResource("8_xxbvs")

[node name="Crouch" parent="." unique_id=2100100958 node_paths=PackedStringArray("camera", "movement", "collision_normal", "collision_crouch", "ceiling_detection", "crouch_camera_position") instance=ExtResource("1_4pcmp")]
camera = NodePath("../Camera")
movement = NodePath("../Movement")
collision_normal = NodePath("../Collision")
collision_crouch = NodePath("../CollisionCrouch")
ceiling_detection = NodePath("../CeillingDetection")
crouch_camera_position = NodePath("../CrouchCameraPosition")

[node name="Movement" parent="." unique_id=240765583 node_paths=PackedStringArray("actor") instance=ExtResource("2_vab5e")]
actor = NodePath("..")
key_forward = "move_forward"
key_backward = "move_backward"
key_left = "move_left"
key_right = "move_right"
key_jump = "jump"
key_sprint = "sprint"
key_crouch = "crouch"

[node name="Camera" parent="." unique_id=1107208501 node_paths=PackedStringArray("body") instance=ExtResource("6_axr2b")]
transform = Transform3D(1, 0, 0, 0, 1, 0, 0, 0, 1, 0, 1.6, 0)
body = NodePath("..")

[node name="C_EntityRaycastInteraction" type="RayCast3D" parent="Camera" unique_id=781039367 node_paths=PackedStringArray("_entity")]
target_position = Vector3(0, 0, -1.5)
collision_mask = 7
collide_with_areas = true
script = ExtResource("19_lpfs7")
_entity = NodePath("../..")
metadata/_custom_type_script = "uid://bjlfgb2cevep3"

[node name="C_EntityEyes" type="Node" parent="Camera" unique_id=1830981472 node_paths=PackedStringArray("_entity", "_camera")]
script = ExtResource("10_c4m1b")
_entity = NodePath("../..")
_camera = NodePath("..")
metadata/_custom_type_script = "uid://ludxj7r2t8nd"

[node name="SimusNetTransform" type="Node" parent="Camera" unique_id=2011054302 node_paths=PackedStringArray("node")]
script = ExtResource("3_vab5e")
node = NodePath("..")
metadata/_custom_type_script = "uid://d1jwapkumdp1u"

[node name="ViewModelShake3D" type="Node3D" parent="Camera" unique_id=357465771 node_paths=PackedStringArray("player", "camera_root", "crouching_node", "sprinting_node")]
script = ExtResource("10_d7let")
player = NodePath("../..")
camera_root = NodePath("..")
crouching_node = NodePath("../../Movement")
crouched_property = &"is_crouched"
sprinting_node = NodePath("../../Movement")
sprinting_property = &"is_sprinting"

[node name="viewmodel" type="Node3D" parent="Camera/ViewModelShake3D" unique_id=1381282563 node_paths=PackedStringArray("root", "inventory", "player", "state_machine")]
script = ExtResource("12_881ch")
root = NodePath("../../..")
type = 1
inventory = NodePath("../../../C_Inventory")
player = NodePath("../../..")
state_machine = NodePath("../../../ItemStateMachine")
metadata/_custom_type_script = "uid://c6esg0ocl7ids"

[node name="ViewModelSway" type="Node" parent="Camera/ViewModelShake3D" unique_id=281605061]
script = ExtResource("12_gck7o")

[node name="C_EntityRaycastFireArm" type="RayCast3D" parent="Camera" unique_id=1328339155 node_paths=PackedStringArray("_entity")]
transform = Transform3D(1, 0, 0, 0, 1, 0, 0, 0, 1, 0, 0, -0.18355194)
enabled = false
target_position = Vector3(0, 0, -250)
collision_mask = 5
collide_with_areas = true
script = ExtResource("17_xjhnu")
_entity = NodePath("../..")

[node name="Collision" type="CollisionShape3D" parent="." unique_id=1485583177]
transform = Transform3D(1, 0, 0, 0, 1, 0, 0, 0, 1, 0, 0.8625, 0)
shape = SubResource("CapsuleShape3D_gck7o")

[node name="CollisionCrouch" type="CollisionShape3D" parent="." unique_id=20328999]
transform = Transform3D(1, 0, 0, 0, 1, 0, 0, 0, 1, 0, 0.57500005, 0)
shape = SubResource("CapsuleShape3D_881ch")

[node name="CrouchCameraPosition" type="Node3D" parent="." unique_id=377077401]
transform = Transform3D(1, 0, 0, 0, 1, 0, 0, 0, 1, 0, 0.97643805, 0)

[node name="CeillingDetection" type="RayCast3D" parent="." unique_id=1485031884]
transform = Transform3D(1, 0, 0, 0, 1, 0, 0, 0, 1, 0, 0, 0.00016915798)
target_position = Vector3(0, 1.5, 0)

[node name="C_Footsteps" type="RayCast3D" parent="." unique_id=590042553 node_paths=PackedStringArray("entity", "audio_player")]
transform = Transform3D(1, 0, 0, 0, 1, 0, 0, 0, 1, 0, 0.05, 0)
target_position = Vector3(0, -0.25, 0)
hit_from_inside = true
script = ExtResource("13_gck7o")
entity = NodePath("..")
audio_player = NodePath("AudioStreamPlayer3D")
metadata/_custom_type_script = "uid://d11cf51hw1h10"

[node name="AudioStreamPlayer3D" type="AudioStreamPlayer3D" parent="C_Footsteps" unique_id=422596269]
max_distance = 25.0

[node name="AnimatedModel" parent="." unique_id=1690152358 node_paths=PackedStringArray("movement", "item_state_machine") instance=ExtResource("14_881ch")]
movement = NodePath("../Movement")
item_state_machine = NodePath("../ItemStateMachine")

[node name="rig" parent="AnimatedModel/model3d" parent_id_path=PackedInt32Array(1690152358, 125080953) index="0" unique_id=1525161330]
transform = Transform3D(0.9968275, -0.07646267, 0.022081066, -0.02317057, -0.01339111, 0.9996417, -0.07613957, -0.9969824, -0.015120318, -0.0213881, -0.005578368, 0.015854143)

[node name="FABRIK3D" parent="AnimatedModel/model3d/rig/Skeleton3D" parent_id_path=PackedInt32Array(1690152358, 125080953, 1564758600) index="1" unique_id=712842292 node_paths=PackedStringArray("entity_eyes")]
entity_eyes = NodePath("../../../../../Camera/C_EntityEyes")

[node name="Head" parent="AnimatedModel/Hitboxes" parent_id_path=PackedInt32Array(1690152358, 628207090) index="0" unique_id=949861060]
transform = Transform3D(-0.9956998, -0.049820744, -0.078097284, -0.0628781, 0.982587, 0.17483978, 0.06802671, 0.1789984, -0.98149467, -0.022109777, 1.5539309, 0.09416075)

[node name="Neck" parent="AnimatedModel/Hitboxes" parent_id_path=PackedInt32Array(1690152358, 628207090) index="1" unique_id=2105621560]
transform = Transform3D(-0.9956638, -0.06701848, -0.06450991, -0.059769973, 0.99230987, -0.108390875, 0.071278, -0.10406533, -0.99201304, -0.014616728, 1.4429849, 0.105795845)

[node name="Chest" parent="AnimatedModel/Hitboxes" parent_id_path=PackedInt32Array(1690152358, 628207090) index="2" unique_id=796290548]
transform = Transform3D(-0.99561745, -0.044824425, -0.08207418, -0.056585584, 0.98750114, 0.1471041, 0.07445446, 0.1511035, -0.98571014, -0.0006881468, 1.1361324, 0.058842488)

[node name="Spine" parent="AnimatedModel/Hitboxes" parent_id_path=PackedInt32Array(1690152358, 628207090) index="3" unique_id=1648957366]
transform = Transform3D(-0.99657136, -0.008787482, -0.08226479, -0.032869224, 0.9545541, 0.2962194, 0.07592314, 0.29790774, -0.95157063, 0.00047994964, 1.0092459, 0.01924236)

[node name="Hips" parent="AnimatedModel/Hitboxes" parent_id_path=PackedInt32Array(1690152358, 628207090) index="4" unique_id=1687161286]
transform = Transform3D(-0.9968275, -0.03808634, -0.06988269, -0.023170521, 0.9789053, -0.20299578, 0.07613989, -0.20073265, -0.9766826, 0.005525058, 0.8795751, 0.04583241)

[node name="LeftUpperArm" parent="AnimatedModel/Hitboxes" parent_id_path=PackedInt32Array(1690152358, 628207090) index="5" unique_id=8313087]
transform = Transform3D(0.94307166, -0.18129095, 0.27884194, -0.17776239, -0.98333615, -0.038114876, 0.28110638, -0.013622554, -0.95958084, -0.18014541, 1.3736584, 0.08467841)

[node name="LeftLowerArm" parent="AnimatedModel/Hitboxes" parent_id_path=PackedInt32Array(1690152358, 628207090) index="6" unique_id=1482254362]
transform = Transform3D(0.97036856, -0.14436457, 0.19378771, -0.17185418, -0.9760502, 0.13341251, 0.16988783, -0.1627617, -0.971932, -0.23802592, 1.0597149, 0.08032469)

[node name="RightUpperArm" parent="AnimatedModel/Hitboxes" parent_id_path=PackedInt32Array(1690152358, 628207090) index="7" unique_id=1198981360]
transform = Transform3D(0.8969052, 0.4422065, -0.0043090214, 0.4422017, -0.8969165, -0.0020170286, -0.004756684, -9.622052e-05, -0.9999907, 0.15213819, 1.3879956, 0.059888147)

[node name="RightLowerArm" parent="AnimatedModel/Hitboxes" parent_id_path=PackedInt32Array(1690152358, 628207090) index="8" unique_id=322258329]
transform = Transform3D(0.99210584, 0.010260536, -0.1250101, 0.119494766, 0.225635, 0.96686035, 0.0381271, -0.9741607, 0.22262692, 0.29331952, 1.1016408, 0.05985745)

[node name="LeftUpperLeg" parent="AnimatedModel/Hitboxes" parent_id_path=PackedInt32Array(1690152358, 628207090) index="9" unique_id=367248935]
transform = Transform3D(-0.9763464, -0.06520099, 0.20614338, 0.03908636, -0.9909638, -0.12830731, 0.21264765, -0.117215715, 0.9700671, -0.11460282, 0.93184954, 0.018079853)

[node name="LeftLowerLeg" parent="AnimatedModel/Hitboxes" parent_id_path=PackedInt32Array(1690152358, 628207090) index="10" unique_id=1350633474]
transform = Transform3D(-0.9662862, -0.015992746, 0.25697052, 0.08158743, -0.9656522, 0.24669622, 0.24419998, 0.25934213, 0.9343964, -0.14268744, 0.5050028, -0.03240952)

[node name="RightUpperLeg" parent="AnimatedModel/Hitboxes" parent_id_path=PackedInt32Array(1690152358, 628207090) index="11" unique_id=38768002]
transform = Transform3D(-0.9870538, 0.1109636, -0.11580528, -0.10671687, -0.9933906, -0.04226772, -0.119730815, -0.029362282, 0.9923664, 0.11750361, 0.93724465, 0.00035110675)

[node name="RightLowerLeg" parent="AnimatedModel/Hitboxes" parent_id_path=PackedInt32Array(1690152358, 628207090) index="12" unique_id=1283813259]
transform = Transform3D(-0.9617415, 0.09938654, -0.2552933, -0.15322162, -0.9676351, 0.20051357, -0.22710256, 0.2319572, 0.9458376, 0.16529997, 0.5093526, -0.012296373)

[node name="WeaponAttachment3D" parent="AnimatedModel" index="4" unique_id=1036447807]
transform = Transform3D(0.93936527, -0.05904033, -0.337807, 0.34241018, 0.10744812, 0.9333931, -0.01881075, -0.9924582, 0.12114912, 0.2919135, 1.1695962, -0.27071062)

[editable path="Movement"]
[editable path="Camera"]
[editable path="AnimatedModel"]
[editable path="AnimatedModel/model3d"]
