[gd_scene format=3 uid="uid://bnx8jtayp4apq"]

[ext_resource type="PackedScene" uid="uid://dgmj4cxp8xi62" path="res://addons/simusdev/components/fp_controller/source_like/W_FPCSourceLikeCrouch.tscn" id="1_4pcmp"]
[ext_resource type="Script" uid="uid://bhay2hx584scl" path="res://prefabs/character/player.gd" id="1_ugkum"]
[ext_resource type="Script" uid="uid://cf6vy8vtl307n" path="res://components/entity/c_health.gd" id="2_e30c5"]
[ext_resource type="Script" uid="uid://dllp8gui22y0w" path="res://components/character/c_character_attributes.gd" id="2_l4gda"]
[ext_resource type="PackedScene" uid="uid://be7h2lkvpihn3" path="res://addons/simusdev/components/fp_controller/source_like/W_FPCSourceLikeMovement.tscn" id="2_vab5e"]
[ext_resource type="Script" uid="uid://d1jwapkumdp1u" path="res://addons/simusdev/SimusNet/SimusNetTransform.gd" id="3_vab5e"]
[ext_resource type="Script" uid="uid://daucbkbqcc48w" path="res://components/c_player_ui_instantiator.gd" id="4_hus3y"]
[ext_resource type="PackedScene" uid="uid://ony44d7xshul" path="res://interface/player_ui.tscn" id="5_ljx0b"]
[ext_resource type="PackedScene" uid="uid://bb30gdt6q8ij" path="res://addons/simusdev/components/fp_controller/source_like/W_FPCSourceLikeCamera.tscn" id="6_axr2b"]
[ext_resource type="Script" uid="uid://ludxj7r2t8nd" path="res://components/entity/c_entity_eyes.gd" id="10_c4m1b"]
[ext_resource type="Script" path="res://components/ViewModelShake3D.gd" id="10_d7let"]
[ext_resource type="Script" uid="uid://c6esg0ocl7ids" path="res://components/item/item_container3D.gd" id="12_881ch"]
[ext_resource type="Script" path="res://components/viewmodel_sway.gd" id="12_gck7o"]
[ext_resource type="Script" uid="uid://d11cf51hw1h10" path="res://components/entity/c_footsteps.gd" id="13_gck7o"]
[ext_resource type="Script" uid="uid://byr4yde8cnrlk" path="res://components/object/r_world_object.gd" id="13_sjklb"]
[ext_resource type="PackedScene" uid="uid://djlnelowb05hc" path="res://prefabs/character/model/skeleton/animated_model.tscn" id="14_881ch"]
[ext_resource type="Resource" uid="uid://dfyn7hgdrk6qe" path="res://resources/item/weapon/melee/knife.tres" id="14_c4m1b"]
[ext_resource type="Resource" uid="uid://201n2jffj753" path="res://resources/item/weapon/pistol/deagle.tres" id="15_xjhnu"]
[ext_resource type="Resource" uid="uid://dyj60nohq3yyc" path="res://resources/item/weapon/rifle/ak47.tres" id="16_gfids"]
[ext_resource type="Resource" uid="uid://da868888xx0gr" path="res://resources/item/weapon/sniper/awp.tres" id="17_chu5k"]
[ext_resource type="Script" uid="uid://doj1n15n4al20" path="res://components/entity/c_entity_raycast_fire_arm.gd" id="17_xjhnu"]

[sub_resource type="CapsuleShape3D" id="CapsuleShape3D_gck7o"]
radius = 0.2
height = 1.7250001

[sub_resource type="CapsuleShape3D" id="CapsuleShape3D_881ch"]
radius = 0.2
height = 1.1500001

[node name="Player" type="CharacterBody3D" unique_id=144244501]
collision_layer = 0
script = ExtResource("1_ugkum")

[node name="SimusNetTransform" type="Node" parent="." unique_id=467627319 node_paths=PackedStringArray("node")]
script = ExtResource("3_vab5e")
node = NodePath("..")
metadata/_custom_type_script = "uid://d1jwapkumdp1u"

[node name="C_Health" type="Node" parent="." unique_id=2086890501]
script = ExtResource("2_e30c5")
metadata/_custom_type_script = "uid://cf6vy8vtl307n"

[node name="C_CharacterAttributes" type="Node" parent="." unique_id=1211457163]
script = ExtResource("2_l4gda")
metadata/_custom_type_script = "uid://dllp8gui22y0w"

[node name="C_PlayerUIInstantiator" type="Node" parent="." unique_id=1783389691 node_paths=PackedStringArray("_player")]
script = ExtResource("4_hus3y")
_player = NodePath("..")
_scenes = Array[PackedScene]([ExtResource("5_ljx0b")])
metadata/_custom_type_script = "uid://daucbkbqcc48w"

[node name="Crouch" parent="." unique_id=2100100958 node_paths=PackedStringArray("camera", "movement", "collision_normal", "collision_crouch", "ceiling_detection", "crouch_camera_position") instance=ExtResource("1_4pcmp")]
camera = NodePath("../Camera")
movement = NodePath("../Movement")
collision_normal = NodePath("../Collision")
collision_crouch = NodePath("../CollisionCrouch")
ceiling_detection = NodePath("../CeillingDetection")
crouch_camera_position = NodePath("../CrouchCameraPosition")

[node name="Movement" parent="." unique_id=240765583 node_paths=PackedStringArray("actor") instance=ExtResource("2_vab5e")]
actor = NodePath("..")
key_forward = "move_forward"
key_backward = "move_backward"
key_left = "move_left"
key_right = "move_right"
key_jump = "jump"
key_sprint = "sprint"
key_crouch = "crouch"

[node name="Camera" parent="." unique_id=1107208501 node_paths=PackedStringArray("body") instance=ExtResource("6_axr2b")]
transform = Transform3D(1, 0, 0, 0, 1, 0, 0, 0, 1, 0, 1.6, 0)
body = NodePath("..")

[node name="C_EntityEyes" type="Node" parent="Camera" unique_id=1830981472 node_paths=PackedStringArray("_entity", "_camera")]
script = ExtResource("10_c4m1b")
_entity = NodePath("../..")
_camera = NodePath("..")
metadata/_custom_type_script = "uid://ludxj7r2t8nd"

[node name="SimusNetTransform" type="Node" parent="Camera" unique_id=2011054302 node_paths=PackedStringArray("node")]
script = ExtResource("3_vab5e")
node = NodePath("..")
metadata/_custom_type_script = "uid://d1jwapkumdp1u"

[node name="ViewModelShake3D" type="Node3D" parent="Camera" unique_id=357465771 node_paths=PackedStringArray("player", "camera_root", "crouching_node", "sprinting_node")]
script = ExtResource("10_d7let")
player = NodePath("../..")
camera_root = NodePath("..")
crouching_node = NodePath("../../Movement")
crouched_property = &"is_crouched"
sprinting_node = NodePath("../../Movement")
sprinting_property = &"is_sprinting"

[node name="viewmodel" type="Node3D" parent="Camera/ViewModelShake3D" unique_id=1381282563 node_paths=PackedStringArray("root", "player")]
script = ExtResource("12_881ch")
root = NodePath("../../..")
type = 1
_objects = Array[ExtResource("13_sjklb")]([ExtResource("14_c4m1b"), ExtResource("15_xjhnu"), ExtResource("16_gfids"), ExtResource("17_chu5k")])
_object = ExtResource("14_c4m1b")
player = NodePath("../../..")
metadata/_custom_type_script = "uid://c6esg0ocl7ids"

[node name="ViewModelSway" type="Node" parent="Camera/ViewModelShake3D" unique_id=281605061]
script = ExtResource("12_gck7o")

[node name="C_EntityRaycastFireArm" type="RayCast3D" parent="Camera" unique_id=1328339155 node_paths=PackedStringArray("_entity")]
transform = Transform3D(1, 0, 0, 0, 1, 0, 0, 0, 1, 0, 0, -0.18355194)
enabled = false
target_position = Vector3(0, 0, -250)
collision_mask = 5
collide_with_areas = true
script = ExtResource("17_xjhnu")
_entity = NodePath("../..")
metadata/_custom_type_script = "uid://doj1n15n4al20"

[node name="Collision" type="CollisionShape3D" parent="." unique_id=1485583177]
transform = Transform3D(1, 0, 0, 0, 1, 0, 0, 0, 1, 0, 0.8625, 0)
shape = SubResource("CapsuleShape3D_gck7o")

[node name="CollisionCrouch" type="CollisionShape3D" parent="." unique_id=20328999]
transform = Transform3D(1, 0, 0, 0, 1, 0, 0, 0, 1, 0, 0.57500005, 0)
shape = SubResource("CapsuleShape3D_881ch")

[node name="CrouchCameraPosition" type="Node3D" parent="." unique_id=377077401]
transform = Transform3D(1, 0, 0, 0, 1, 0, 0, 0, 1, 0, 0.97643805, 0)

[node name="CeillingDetection" type="RayCast3D" parent="." unique_id=1485031884]
transform = Transform3D(1, 0, 0, 0, 1, 0, 0, 0, 1, 0, 0, 0.00016915798)
target_position = Vector3(0, 1.5, 0)

[node name="C_Footsteps" type="RayCast3D" parent="." unique_id=590042553 node_paths=PackedStringArray("entity", "audio_player")]
transform = Transform3D(1, 0, 0, 0, 1, 0, 0, 0, 1, 0, 0.05, 0)
target_position = Vector3(0, -0.25, 0)
hit_from_inside = true
script = ExtResource("13_gck7o")
entity = NodePath("..")
audio_player = NodePath("AudioStreamPlayer3D")
metadata/_custom_type_script = "uid://d11cf51hw1h10"

[node name="AudioStreamPlayer3D" type="AudioStreamPlayer3D" parent="C_Footsteps" unique_id=422596269]
max_distance = 25.0

[node name="AnimatedModel" parent="." unique_id=1690152358 node_paths=PackedStringArray("movement") instance=ExtResource("14_881ch")]
movement = NodePath("../Movement")

[node name="rig" parent="AnimatedModel/model3d" parent_id_path=PackedInt32Array(1690152358, 125080953) index="0" unique_id=1525161330]
transform = Transform3D(0.99781173, -0.064570636, -0.0142204445, 0.014477527, 0.00351525, 0.99988896, -0.0645135, -0.9979068, 0.0044423817, -0.020707604, -0.0017325951, 0.004765953)

[node name="Skeleton3D" parent="AnimatedModel/model3d/rig" index="0" unique_id=1564758600]
bones/1/rotation = Quaternion(-0.25339404, -0.00589174, 0.0034352452, 0.96733916)
bones/2/rotation = Quaternion(0.069456205, -0.012602065, 0.005866102, 0.99748814)
bones/3/rotation = Quaternion(0.12635389, -0.0010346371, 0.0004404157, 0.99198467)
bones/4/rotation = Quaternion(-0.1438766, -0.0010271724, 0.0005684464, 0.98959506)
bones/5/rotation = Quaternion(0.91852844, -2.1024141e-05, 0.0011738446, 0.39535317)
bones/7/rotation = Quaternion(-0.58078444, -0.35110694, -0.45553368, 0.57610977)
bones/8/rotation = Quaternion(-0.21381818, 0.73184204, -0.54437596, 0.34977683)
bones/9/rotation = Quaternion(0.08248974, -0.05730972, -0.00022853166, 0.9949427)
bones/10/rotation = Quaternion(0.013340803, 0.015054015, -0.006047318, 0.99977946)
bones/12/rotation = Quaternion(-0.62231636, 0.30075097, 0.45784828, 0.5591476)
bones/13/rotation = Quaternion(-0.30971095, -0.6637562, 0.43671316, 0.5222916)
bones/14/rotation = Quaternion(0.13177435, 0.057004184, 0.00036524123, 0.9896393)
bones/15/rotation = Quaternion(0.117824435, -0.09890215, 0.009228607, 0.988054)
bones/17/rotation = Quaternion(0.9863153, 0.025747845, -0.07565473, 0.14420724)
bones/18/rotation = Quaternion(0.13615619, -0.023754839, -0.015825478, 0.9902761)
bones/19/rotation = Quaternion(-0.5921165, -0.037005495, 0.057554025, 0.8029422)
bones/20/rotation = Quaternion(8.35188e-08, 0.9732989, -0.22954172, -1.9735694e-08)
bones/22/rotation = Quaternion(0.98555946, -0.034909658, 0.09658203, 0.1346321)
bones/23/rotation = Quaternion(0.14685793, 0.05392082, 0.022323003, 0.98743457)
bones/24/rotation = Quaternion(-0.59414387, 0.03878285, -0.061342213, 0.8010782)
bones/25/rotation = Quaternion(0, 0.97099483, -0.23910081, 5.329072e-15)

[node name="Head" parent="AnimatedModel/Hitboxes" parent_id_path=PackedInt32Array(1690152358, 628207090) index="0" unique_id=949861060]
transform = Transform3D(-0.99880207, 0.045134313, -0.018903218, 0.04086682, 0.98187524, 0.18506935, 0.026913635, 0.1840751, -0.9825432, 0.058626357, 1.5590928, 0.08322654)

[node name="Neck" parent="AnimatedModel/Hitboxes" parent_id_path=PackedInt32Array(1690152358, 628207090) index="1" unique_id=2105621560]
transform = Transform3D(-0.9987952, 0.03646391, -0.032840185, 0.039645735, 0.99398214, -0.102115706, 0.028919065, -0.103294596, -0.9942299, 0.054549485, 1.4479599, 0.09477547)

[node name="Chest" parent="AnimatedModel/Hitboxes" parent_id_path=PackedInt32Array(1690152358, 628207090) index="2" unique_id=796290548]
transform = Transform3D(-0.9987703, 0.042920485, -0.024812067, 0.03871548, 0.9878663, 0.15040363, 0.030966438, 0.14925803, -0.9883129, 0.04121253, 1.140994, 0.048395567)

[node name="Spine" parent="AnimatedModel/Hitboxes" parent_id_path=PackedInt32Array(1690152358, 628207090) index="3" unique_id=1648957366]
transform = Transform3D(-0.9983581, 0.03600523, -0.044547707, 0.021751732, 0.9577896, 0.28664577, 0.0529881, 0.28520608, -0.9570001, 0.036426447, 1.0136774, 0.010483845)

[node name="Hips" parent="AnimatedModel/Hitboxes" parent_id_path=PackedInt32Array(1690152358, 628207090) index="4" unique_id=1687161286]
transform = Transform3D(-0.99781173, -7.253606e-05, -0.06611826, 0.014477579, 0.9754924, -0.21955591, 0.06451382, -0.2200327, -0.97335666, 0.036436055, 0.8844587, 0.03963048)

[node name="LeftUpperArm" parent="AnimatedModel/Hitboxes" parent_id_path=PackedInt32Array(1690152358, 628207090) index="5" unique_id=8313087]
transform = Transform3D(0.90950054, -0.23815136, 0.34072304, -0.22975749, -0.9710461, -0.06542391, 0.34643865, -0.018780597, -0.9378843, -0.11705798, 1.4002868, 0.06461612)

[node name="LeftLowerArm" parent="AnimatedModel/Hitboxes" parent_id_path=PackedInt32Array(1690152358, 628207090) index="6" unique_id=1482254362]
transform = Transform3D(0.9447292, -0.18715897, 0.26917955, -0.22608392, -0.9665035, 0.1214734, 0.23742826, -0.17561668, -0.95539826, -0.19309162, 1.0902647, 0.058620106)

[node name="RightUpperArm" parent="AnimatedModel/Hitboxes" parent_id_path=PackedInt32Array(1690152358, 628207090) index="7" unique_id=1198981360]
transform = Transform3D(0.98282295, 0.1480303, 0.11020726, 0.15007633, -0.9886189, -0.010461448, 0.107404366, 0.026821353, -0.9938531, 0.21233836, 1.3689167, 0.06346377)

[node name="RightLowerArm" parent="AnimatedModel/Hitboxes" parent_id_path=PackedInt32Array(1690152358, 628207090) index="8" unique_id=322258329]
transform = Transform3D(0.9663424, 0.18569282, 0.17804453, 0.13471317, -0.95486784, 0.26472557, 0.21916659, -0.23183051, -0.94774437, 0.25959918, 1.0532844, 0.0720269)

[node name="LeftUpperLeg" parent="AnimatedModel/Hitboxes" parent_id_path=PackedInt32Array(1690152358, 628207090) index="9" unique_id=367248935]
transform = Transform3D(-0.9747102, -0.09093349, 0.20413359, 0.0769504, -0.99417675, -0.07543806, 0.209806, -0.057822414, 0.9760257, -0.0813818, 0.9404949, 0.009423727)

[node name="LeftLowerLeg" parent="AnimatedModel/Hitboxes" parent_id_path=PackedInt32Array(1690152358, 628207090) index="10" unique_id=1350633474]
transform = Transform3D(-0.9609592, -0.056560725, 0.270846, 0.11119266, -0.97530323, 0.19083875, 0.2533641, 0.21350247, 0.9435102, -0.120550394, 0.5122642, -0.015482637)

[node name="RightUpperLeg" parent="AnimatedModel/Hitboxes" parent_id_path=PackedInt32Array(1690152358, 628207090) index="11" unique_id=38768002]
transform = Transform3D(-0.98996997, 0.077579066, -0.11807045, -0.07144546, -0.9959087, -0.05532919, -0.12188044, -0.04633887, 0.9914566, 0.15095381, 0.93712384, -0.0055979476)

[node name="RightLowerLeg" parent="AnimatedModel/Hitboxes" parent_id_path=PackedInt32Array(1690152358, 628207090) index="12" unique_id=1283813259]
transform = Transform3D(-0.9667793, 0.06759206, -0.24651346, -0.125107, -0.96612006, 0.22574382, -0.2229032, 0.24908316, 0.9424756, 0.18437015, 0.5081472, -0.025557905)

[editable path="Movement"]
[editable path="Camera"]
[editable path="AnimatedModel"]
[editable path="AnimatedModel/model3d"]
