[gd_scene format=3 uid="uid://bnx8jtayp4apq"]

[ext_resource type="PackedScene" uid="uid://dgmj4cxp8xi62" path="res://addons/simusdev/components/fp_controller/source_like/W_FPCSourceLikeCrouch.tscn" id="1_4pcmp"]
[ext_resource type="Script" uid="uid://bhay2hx584scl" path="res://prefabs/character/player.gd" id="1_ugkum"]
[ext_resource type="Script" uid="uid://cf6vy8vtl307n" path="res://components/entity/c_health.gd" id="2_e30c5"]
[ext_resource type="Script" uid="uid://dllp8gui22y0w" path="res://components/character/c_character_attributes.gd" id="2_l4gda"]
[ext_resource type="PackedScene" uid="uid://be7h2lkvpihn3" path="res://addons/simusdev/components/fp_controller/source_like/W_FPCSourceLikeMovement.tscn" id="2_vab5e"]
[ext_resource type="Script" uid="uid://d1jwapkumdp1u" path="res://addons/simusdev/SimusNet/SimusNetTransform.gd" id="3_vab5e"]
[ext_resource type="Script" uid="uid://daucbkbqcc48w" path="res://components/c_player_ui_instantiator.gd" id="4_hus3y"]
[ext_resource type="PackedScene" uid="uid://ony44d7xshul" path="res://interface/player_ui.tscn" id="5_ljx0b"]
[ext_resource type="PackedScene" uid="uid://bb30gdt6q8ij" path="res://addons/simusdev/components/fp_controller/source_like/W_FPCSourceLikeCamera.tscn" id="6_axr2b"]
[ext_resource type="Script" uid="uid://ludxj7r2t8nd" path="res://components/entity/c_entity_eyes.gd" id="10_c4m1b"]
[ext_resource type="Script" path="res://components/ViewModelShake3D.gd" id="10_d7let"]
[ext_resource type="Script" uid="uid://c6esg0ocl7ids" path="res://components/item/item_container3D.gd" id="12_881ch"]
[ext_resource type="Script" path="res://components/viewmodel_sway.gd" id="12_gck7o"]
[ext_resource type="Script" uid="uid://d11cf51hw1h10" path="res://components/entity/c_footsteps.gd" id="13_gck7o"]
[ext_resource type="Script" uid="uid://byr4yde8cnrlk" path="res://components/object/r_world_object.gd" id="13_sjklb"]
[ext_resource type="PackedScene" uid="uid://djlnelowb05hc" path="res://prefabs/character/model/skeleton/animated_model.tscn" id="14_881ch"]
[ext_resource type="Resource" uid="uid://dfyn7hgdrk6qe" path="res://resources/item/weapon/melee/knife.tres" id="14_c4m1b"]
[ext_resource type="Resource" uid="uid://201n2jffj753" path="res://resources/item/weapon/pistol/deagle.tres" id="15_xjhnu"]
[ext_resource type="Resource" uid="uid://dyj60nohq3yyc" path="res://resources/item/weapon/rifle/ak47.tres" id="16_gfids"]
[ext_resource type="Resource" uid="uid://da868888xx0gr" path="res://resources/item/weapon/sniper/awp.tres" id="17_chu5k"]
[ext_resource type="Script" uid="uid://doj1n15n4al20" path="res://components/entity/c_entity_raycast_fire_arm.gd" id="17_xjhnu"]

[sub_resource type="CapsuleShape3D" id="CapsuleShape3D_gck7o"]
radius = 0.2
height = 1.7250001

[sub_resource type="CapsuleShape3D" id="CapsuleShape3D_881ch"]
radius = 0.2
height = 1.1500001

[node name="Player" type="CharacterBody3D" unique_id=144244501]
collision_layer = 0
script = ExtResource("1_ugkum")

[node name="SimusNetTransform" type="Node" parent="." unique_id=467627319 node_paths=PackedStringArray("node")]
script = ExtResource("3_vab5e")
node = NodePath("..")
metadata/_custom_type_script = "uid://d1jwapkumdp1u"

[node name="C_Health" type="Node" parent="." unique_id=2086890501]
script = ExtResource("2_e30c5")
metadata/_custom_type_script = "uid://cf6vy8vtl307n"

[node name="C_CharacterAttributes" type="Node" parent="." unique_id=1211457163]
script = ExtResource("2_l4gda")
metadata/_custom_type_script = "uid://dllp8gui22y0w"

[node name="C_PlayerUIInstantiator" type="Node" parent="." unique_id=1783389691 node_paths=PackedStringArray("_player")]
script = ExtResource("4_hus3y")
_player = NodePath("..")
_scenes = Array[PackedScene]([ExtResource("5_ljx0b")])
metadata/_custom_type_script = "uid://daucbkbqcc48w"

[node name="Crouch" parent="." unique_id=2100100958 node_paths=PackedStringArray("camera", "movement", "collision_normal", "collision_crouch", "ceiling_detection", "crouch_camera_position") instance=ExtResource("1_4pcmp")]
camera = NodePath("../Camera")
movement = NodePath("../Movement")
collision_normal = NodePath("../Collision")
collision_crouch = NodePath("../CollisionCrouch")
ceiling_detection = NodePath("../CeillingDetection")
crouch_camera_position = NodePath("../CrouchCameraPosition")

[node name="Movement" parent="." unique_id=240765583 node_paths=PackedStringArray("actor") instance=ExtResource("2_vab5e")]
actor = NodePath("..")
key_forward = "move_forward"
key_backward = "move_backward"
key_left = "move_left"
key_right = "move_right"
key_jump = "jump"
key_sprint = "sprint"
key_crouch = "crouch"

[node name="Camera" parent="." unique_id=1107208501 node_paths=PackedStringArray("body") instance=ExtResource("6_axr2b")]
transform = Transform3D(1, 0, 0, 0, 1, 0, 0, 0, 1, 0, 1.6, 0)
body = NodePath("..")

[node name="C_EntityEyes" type="Node" parent="Camera" unique_id=1830981472 node_paths=PackedStringArray("_entity", "_camera")]
script = ExtResource("10_c4m1b")
_entity = NodePath("../..")
_camera = NodePath("..")
metadata/_custom_type_script = "uid://ludxj7r2t8nd"

[node name="SimusNetTransform" type="Node" parent="Camera" unique_id=2011054302 node_paths=PackedStringArray("node")]
script = ExtResource("3_vab5e")
node = NodePath("..")
metadata/_custom_type_script = "uid://d1jwapkumdp1u"

[node name="ViewModelShake3D" type="Node3D" parent="Camera" unique_id=357465771 node_paths=PackedStringArray("player", "camera_root", "crouching_node", "sprinting_node")]
script = ExtResource("10_d7let")
player = NodePath("../..")
camera_root = NodePath("..")
crouching_node = NodePath("../../Movement")
crouched_property = &"is_crouched"
sprinting_node = NodePath("../../Movement")
sprinting_property = &"is_sprinting"

[node name="viewmodel" type="Node3D" parent="Camera/ViewModelShake3D" unique_id=1381282563 node_paths=PackedStringArray("root", "player")]
script = ExtResource("12_881ch")
root = NodePath("../../..")
type = 1
_objects = Array[ExtResource("13_sjklb")]([ExtResource("14_c4m1b"), ExtResource("15_xjhnu"), ExtResource("16_gfids"), ExtResource("17_chu5k")])
_object = ExtResource("14_c4m1b")
player = NodePath("../../..")
metadata/_custom_type_script = "uid://c6esg0ocl7ids"

[node name="ViewModelSway" type="Node" parent="Camera/ViewModelShake3D" unique_id=281605061]
script = ExtResource("12_gck7o")

[node name="C_EntityRaycastFireArm" type="RayCast3D" parent="Camera" unique_id=1328339155 node_paths=PackedStringArray("_entity")]
transform = Transform3D(1, 0, 0, 0, 1, 0, 0, 0, 1, 0, 0, -0.18355194)
enabled = false
target_position = Vector3(0, 0, -250)
collision_mask = 5
collide_with_areas = true
script = ExtResource("17_xjhnu")
_entity = NodePath("../..")
metadata/_custom_type_script = "uid://doj1n15n4al20"

[node name="Collision" type="CollisionShape3D" parent="." unique_id=1485583177]
transform = Transform3D(1, 0, 0, 0, 1, 0, 0, 0, 1, 0, 0.8625, 0)
shape = SubResource("CapsuleShape3D_gck7o")

[node name="CollisionCrouch" type="CollisionShape3D" parent="." unique_id=20328999]
transform = Transform3D(1, 0, 0, 0, 1, 0, 0, 0, 1, 0, 0.57500005, 0)
shape = SubResource("CapsuleShape3D_881ch")

[node name="CrouchCameraPosition" type="Node3D" parent="." unique_id=377077401]
transform = Transform3D(1, 0, 0, 0, 1, 0, 0, 0, 1, 0, 0.97643805, 0)

[node name="CeillingDetection" type="RayCast3D" parent="." unique_id=1485031884]
transform = Transform3D(1, 0, 0, 0, 1, 0, 0, 0, 1, 0, 0, 0.00016915798)
target_position = Vector3(0, 1.5, 0)

[node name="C_Footsteps" type="RayCast3D" parent="." unique_id=590042553 node_paths=PackedStringArray("entity", "audio_player")]
transform = Transform3D(1, 0, 0, 0, 1, 0, 0, 0, 1, 0, 0.05, 0)
target_position = Vector3(0, -0.25, 0)
hit_from_inside = true
script = ExtResource("13_gck7o")
entity = NodePath("..")
audio_player = NodePath("AudioStreamPlayer3D")
metadata/_custom_type_script = "uid://d11cf51hw1h10"

[node name="AudioStreamPlayer3D" type="AudioStreamPlayer3D" parent="C_Footsteps" unique_id=422596269]
max_distance = 25.0

[node name="AnimatedModel" parent="." unique_id=1690152358 node_paths=PackedStringArray("movement") instance=ExtResource("14_881ch")]
movement = NodePath("../Movement")

[node name="rig" parent="AnimatedModel/model3d" parent_id_path=PackedInt32Array(1690152358, 125080953) index="0" unique_id=1525161330]
transform = Transform3D(0.9980058, -0.06296985, 0.004356314, -0.0046714097, -0.004857557, 0.99997723, -0.062947236, -0.9980034, -0.005142029, -0.01741459, -0.001827741, 0.013252007)

[node name="Skeleton3D" parent="AnimatedModel/model3d/rig" index="0" unique_id=1564758600]
bones/1/rotation = Quaternion(-0.25187746, -0.005780472, 0.002751292, 0.967738)
bones/2/rotation = Quaternion(0.07269743, -0.0118841985, 0.002896236, 0.9972791)
bones/3/rotation = Quaternion(0.12694426, -0.0012888315, 0.0006977227, 0.99190885)
bones/4/rotation = Quaternion(-0.14296338, -0.001281346, 0.0007266333, 0.98972696)
bones/5/rotation = Quaternion(0.9188908, -1.1020166e-05, 0.0014730028, 0.39450938)
bones/7/rotation = Quaternion(-0.5804869, -0.35158238, -0.45554474, 0.576111)
bones/8/rotation = Quaternion(-0.20425743, 0.7352471, -0.54528356, 0.34692416)
bones/9/rotation = Quaternion(0.087910265, -0.05728303, -0.00024362892, 0.99447995)
bones/10/rotation = Quaternion(0.01760551, 0.003130164, -0.007233799, 0.99981403)
bones/12/rotation = Quaternion(-0.6237387, 0.2981106, 0.4597256, 0.5574338)
bones/13/rotation = Quaternion(-0.32088065, -0.66084886, 0.4387899, 0.51747274)
bones/14/rotation = Quaternion(0.12981498, 0.057019044, 0.00035964604, 0.9898974)
bones/15/rotation = Quaternion(0.11920664, -0.10459299, 0.011709534, 0.9872756)
bones/17/rotation = Quaternion(0.98566586, 0.025149027, -0.07267236, 0.1501639)
bones/18/rotation = Quaternion(0.15752478, -0.02721152, -0.017080821, 0.98699236)
bones/19/rotation = Quaternion(-0.5996685, -0.03541958, 0.055279586, 0.7975509)
bones/20/rotation = Quaternion(1.2450602e-07, 0.9732091, -0.22992189, -2.9421082e-08)
bones/22/rotation = Quaternion(0.98695576, -0.03536681, 0.09982647, 0.121252775)
bones/23/rotation = Quaternion(0.12738961, 0.050133146, 0.022261217, 0.9903348)
bones/24/rotation = Quaternion(-0.5800875, 0.04130338, -0.06456631, 0.81094)
bones/25/rotation = Quaternion(-4.50607e-09, 0.97050285, -0.24108964, -2.7201583e-09)

[node name="Head" parent="AnimatedModel/Hitboxes" parent_id_path=PackedInt32Array(1690152358, 628207090) index="0" unique_id=949861060]
transform = Transform3D(-0.9995783, 0.019467223, -0.021541202, 0.015230637, 0.9832165, 0.18180448, 0.024718886, 0.18139967, -0.9830984, 0.02275348, 1.5590307, 0.085312694)

[node name="Neck" parent="AnimatedModel/Hitboxes" parent_id_path=PackedInt32Array(1690152358, 628207090) index="1" unique_id=2105621560]
transform = Transform3D(-0.99953574, 0.010771601, -0.028497262, 0.0136777, 0.99450046, -0.10383396, 0.027222076, -0.10417556, -0.994186, 0.021549154, 1.4478399, 0.09696011)

[node name="Chest" parent="AnimatedModel/Hitboxes" parent_id_path=PackedInt32Array(1690152358, 628207090) index="2" unique_id=796290548]
transform = Transform3D(-0.9994821, 0.01654462, -0.027598752, 0.012222769, 0.9886107, 0.14999779, 0.029766068, 0.14958273, -0.98830074, 0.016408138, 1.1406425, 0.050479326)

[node name="Spine" parent="AnimatedModel/Hitboxes" parent_id_path=PackedInt32Array(1690152358, 628207090) index="3" unique_id=1648957366]
transform = Transform3D(-0.99866456, 0.016326455, -0.049013745, 0.00130763, 0.9564343, 0.2919446, 0.05164484, 0.29149058, -0.9551782, 0.014237905, 1.013506, 0.011732226)

[node name="Hips" parent="AnimatedModel/Hitboxes" parent_id_path=PackedInt32Array(1690152358, 628207090) index="4" unique_id=1687161286]
transform = Transform3D(-0.9980058, -0.017864145, -0.060539998, -0.004671359, 0.9773884, -0.21140012, 0.06294756, -0.21069576, -0.9755227, 0.016604278, 0.88403636, 0.03964204)

[node name="LeftUpperArm" parent="AnimatedModel/Hitboxes" parent_id_path=PackedInt32Array(1690152358, 628207090) index="5" unique_id=8313087]
transform = Transform3D(0.9057598, -0.22271204, 0.36055228, -0.21693106, -0.9745213, -0.056996405, 0.3640598, -0.02659002, -0.9309954, -0.14875335, 1.3957734, 0.06647144)

[node name="LeftLowerArm" parent="AnimatedModel/Hitboxes" parent_id_path=PackedInt32Array(1690152358, 628207090) index="6" unique_id=1482254362]
transform = Transform3D(0.9432299, -0.1649005, 0.28831282, -0.21171159, -0.9673459, 0.13935144, 0.2559194, -0.19247974, -0.94734144, -0.21985774, 1.0846418, 0.057982128)

[node name="RightUpperArm" parent="AnimatedModel/Hitboxes" parent_id_path=PackedInt32Array(1690152358, 628207090) index="7" unique_id=1198981360]
transform = Transform3D(0.9827265, 0.14276595, 0.11775309, 0.14569387, -0.98919046, -0.0165971, 0.11411063, 0.0334664, -0.9929037, 0.1811186, 1.3718662, 0.06577729)

[node name="RightLowerArm" parent="AnimatedModel/Hitboxes" parent_id_path=PackedInt32Array(1690152358, 628207090) index="8" unique_id=322258329]
transform = Transform3D(0.9652697, 0.18207079, 0.1873605, 0.13127036, -0.9580639, 0.25471893, 0.22588009, -0.22127749, -0.9486903, 0.22669873, 1.0560511, 0.076461956)

[node name="LeftUpperLeg" parent="AnimatedModel/Hitboxes" parent_id_path=PackedInt32Array(1690152358, 628207090) index="9" unique_id=367248935]
transform = Transform3D(-0.9775674, -0.07192422, 0.19796033, 0.05439008, -0.9942134, -0.09263406, 0.20347863, -0.07978933, 0.97581685, -0.102188274, 0.9381623, 0.009771552)

[node name="LeftLowerLeg" parent="AnimatedModel/Hitboxes" parent_id_path=PackedInt32Array(1690152358, 628207090) index="10" unique_id=1350633474]
transform = Transform3D(-0.9629393, -0.031152956, 0.26791155, 0.09184597, -0.9718156, 0.21711397, 0.25359783, 0.23367208, 0.93865526, -0.13316883, 0.50991577, -0.024596823)

[node name="RightUpperLeg" parent="AnimatedModel/Hitboxes" parent_id_path=PackedInt32Array(1690152358, 628207090) index="11" unique_id=38768002]
transform = Transform3D(-0.9872522, 0.097063795, -0.12614034, -0.0926071, -0.9948689, -0.040741257, -0.12944837, -0.028540524, 0.9911695, 0.13019253, 0.93925005, -0.004885426)

[node name="RightLowerLeg" parent="AnimatedModel/Hitboxes" parent_id_path=PackedInt32Array(1690152358, 628207090) index="12" unique_id=1283813259]
transform = Transform3D(-0.9639816, 0.09262838, -0.24931721, -0.14480862, -0.9690635, 0.19986647, -0.2230911, 0.22876933, 0.9475671, 0.17200169, 0.5107212, -0.017178942)

[editable path="Movement"]
[editable path="Camera"]
[editable path="AnimatedModel"]
[editable path="AnimatedModel/model3d"]
